0.0
0.02
0.04
0.06
0.08
0.1
0.12
0.14
0.17
0.19
0.21
0.23
0.25
0.27
0.29
0.31
0.34
0.36
0.38
0.4
0.42
0.44
0.46
0.49
0.51
0.53
0.55
0.57
0.59
0.61
0.63
0.66
0.68
0.7
0.72
0.74
0.76
0.78
0.81
0.83
0.85
0.87
0.89
0.91
0.93
0.95
0.98
1.0
1.02
1.04
1.06
1.08
1.1
1.12
1.1400000000000001
1.17
1.19
1.21
1.23
1.25
1.27
1.29
1.31
1.34
1.3599999999999999
1.38
1.4
1.42
1.44
1.46
1.49
1.51
1.53
1.55
1.5699999999999998
1.5899999999999999
1.6099999999999999
1.63
1.6600000000000001
1.6800000000000002
1.7
1.72
1.74
1.76
1.78
1.81
1.83
1.85
1.87
1.8900000000000001
1.9100000000000001
1.9300000000000002
1.95
1.98
2.0
2.02
2.04
2.06
2.08
2.1
2.12
2.14
2.17
2.19
2.21
2.23
2.25
2.27
2.29
2.31
2.34
2.36
2.38
2.4
2.42
2.44
2.46
2.49
2.51
2.5300000000000002
2.55
2.57
2.59
2.61
2.63
2.66
2.68
2.7
2.7199999999999998
2.74
2.76
2.7800000000000002
2.81
2.83
2.85
2.87
2.89
2.91
2.93
2.95
2.98
3.0
3.02
3.04
3.06
3.08
3.1
3.12
3.14
3.17
3.19
3.21
3.23
3.25
3.27
3.29
3.31
3.34
3.36
3.38
3.4
3.42
3.44
3.46
3.49
3.51
3.5300000000000002
3.55
3.57
3.59
3.61
3.63
3.66
3.68
3.7
3.7199999999999998
3.74
3.76
3.7800000000000002
3.81
3.83
3.85
3.87
3.89
3.91
3.93
3.95
3.98
4.0
4.02
4.04
4.06
4.08
4.1
4.12
4.14
4.17
4.19
4.21
4.23
4.25
4.27
4.29
4.31
4.34
4.36
4.38
4.4
4.42
4.44
4.46
4.49
4.51
4.53
4.55
4.57
4.59
4.61
4.63
4.66
4.68
4.7
4.72
4.74
4.76
4.78
4.8100000000000005
4.83
4.85
4.87
4.89
4.91
4.93
4.95
4.98
5.0
5.02
5.04
5.06
5.08
5.1
5.12
5.14
5.17
5.19
5.21
5.23
5.25
5.27
5.29
5.31
5.34
5.36
5.38
5.4
5.42
5.44
5.46
5.49
5.51
5.53
5.55
5.57
5.59
5.61
5.63
5.66
5.68
5.7
5.72
5.74
5.76
5.78
5.8100000000000005
5.83
5.85
5.87
5.89
5.91
5.93
5.95
5.98
6.0
6.02
6.04
6.06
6.08
6.1
6.12
6.14
6.17
6.19
6.21
6.23
6.25
6.27
6.29
6.31
6.34
6.36
6.38
6.4
6.42
6.44
6.46
6.49
6.51
6.53
6.55
6.57
6.59
6.61
6.63
6.66
6.68
6.7
6.72
6.74
6.76
6.78
6.8100000000000005
6.83
6.85
6.87
6.89
6.91
6.93
6.95
6.98
7.0
7.02
7.04
7.06
7.08
7.1
7.12
7.14
7.17
7.19
7.21
7.23
7.25
7.27
7.29
7.31
7.34
7.36
7.38
7.4
7.42
7.44
7.46
7.49
7.51
7.53
7.55
7.57
7.59
7.61
7.63
7.66
7.68
7.7
7.72
7.74
7.76
7.78
7.8100000000000005
7.83
7.85
7.87
7.89
7.91
7.93
7.95
7.98
8.0
8.02
8.04
8.06
8.08
8.1
8.12
8.14
8.17
8.19
8.21
8.23
8.25
8.27
8.29
8.31
8.34
8.36
8.38
8.4
8.42
8.44
8.46
8.49
8.51
8.53
8.55
8.57
8.59
8.61
8.63
8.66
8.68
8.7
8.72
8.74
8.76
8.78
8.81
8.83
8.85
8.87
8.89
8.91
8.93
8.95
8.98
9.0
9.02
9.04
9.06
9.08
9.1
9.12
9.14
9.17
9.19
9.21
9.23
9.25
9.27
9.29
9.31
9.34
9.36
9.38
9.4
9.42
9.44
9.46
9.49
9.51
9.53
9.55
9.57
9.59
9.61
9.63
9.66
9.68
9.7
9.72
9.74
9.76
9.78
9.81
9.83
9.85
9.87
9.89
9.91
9.93
9.95
9.98
10.0
10.02
10.04
10.06
10.08
10.1
10.12
10.14
10.17
10.19
10.21
10.23
10.25
10.27
10.29
10.31
10.34
10.36
10.38
10.4
10.42
10.44
10.46
10.49
10.51
10.53
10.55
10.57
10.59
10.61
10.63
10.66
10.68
10.7
10.72
10.74
10.76
10.78
10.81
10.83
10.85
10.87
10.89
10.91
10.93
10.95
10.98
11.0
11.02
11.04
11.06
11.08
11.1
11.12
11.14
11.17
11.19
11.21
11.23
11.25
11.27
11.29
11.31
11.34
11.36
11.38
11.4
11.42
11.44
11.46
11.49
11.51
11.53
11.55
11.57
11.59
11.61
11.63
11.66
11.68
11.7
11.72
11.74
11.76
11.78
11.81
11.83
11.85
11.87
11.89
11.91
11.93
11.95
11.98
12.0
12.02
12.04
12.06
12.08
12.1
12.12
12.14
12.17
12.19
12.21
12.23
12.25
12.27
12.29
12.31
12.34
12.36
12.38
12.4
12.42
12.44
12.46
12.49
12.51
12.53
12.55
12.57
12.59
12.61
12.63
12.66
12.68
12.7
12.72
12.74
12.76
12.78
12.81
12.83
12.85
12.87
12.89
12.91
12.93
12.95
12.98
13.0
13.02
13.04
13.06
13.08
13.1
13.12
13.14
13.17
13.19
13.21
13.23
13.25
13.27
13.29
13.31
13.34
13.36
13.38
13.4
13.42
13.44
13.46
13.49
13.51
13.53
13.55
13.57
13.59
13.61
13.63
13.66
13.68
13.7
13.72
13.74
13.76
13.78
13.81
13.83
13.85
13.87
13.89
13.91
13.93
13.95
13.98
14.0
14.02
14.04
14.06
14.08
14.1
14.12
14.14
14.17
14.19
14.21
14.23
14.25
14.27
14.29
14.31
14.34
14.36
14.38
14.4
14.42
14.44
14.46
14.49
14.51
14.53
14.55
14.57
14.59
14.61
14.63
14.66
14.68
14.7
14.72
14.74
14.76
14.78
14.81
14.83
14.85
14.87
14.89
14.91
14.93
14.95
14.98
15.0
15.02
15.04
15.06
15.08
15.1
15.12
15.14
15.17
15.19
15.21
15.23
15.25
15.27
15.29
15.31
15.34
15.36
15.38
15.4
15.42
15.44
15.46
15.49
15.51
15.53
15.55
15.57
15.59
15.61
15.63
15.66
15.68
15.7
15.72
15.74
15.76
15.78
15.81
15.83
15.85
15.87
15.89
15.91
15.93
15.95
15.98
16.0
16.02
16.04
16.06
16.08
16.1
16.12
16.14
16.17
16.19
16.21
16.23
16.25
16.27
16.29
16.31
16.34
16.36
16.38
16.4
16.42
16.44
16.46
16.49
16.51
16.53
16.55
16.57
16.59
16.61
16.63
16.66
16.68
16.7
16.72
16.74
16.76
16.78
16.81
16.83
16.85
16.87
16.89
16.91
16.93
16.95
16.98
17.0
17.02
17.04
17.06
17.08
17.1
17.12
17.14
17.17
17.19
17.21
17.23
17.25
17.27
17.29
17.31
17.34
17.36
17.38
17.4
17.42
17.44
17.46
17.49
17.51
17.53
17.55
17.57
17.59
17.61
17.63
17.66
17.68
17.7
17.72
17.74
17.76
17.78
17.81
17.83
17.85
17.87
17.89
17.91
17.93
17.95
17.98
18.0
18.02
18.04
18.06
18.08
18.1
18.12
18.14
18.17
18.19
18.21
18.23
18.25
18.27
18.29
18.31
18.34
18.36
18.38
18.4
18.42
18.44
18.46
18.49
18.51
18.53
18.55
18.57
18.59
18.61
18.63
18.66
18.68
18.7
18.72
18.74
18.76
18.78
18.81
18.83
18.85
18.87
18.89
18.91
18.93
18.95
18.98
19.0
19.02
19.04
19.06
19.08
19.1
19.12
19.14
19.17
19.19
19.21
19.23
19.25
19.27
19.29
19.31
19.34
19.36
19.38
19.4
19.42
19.44
19.46
19.49
19.51
19.53
19.55
19.57
19.59
19.61
19.63
19.66
19.68
19.7
19.72
19.74
19.76
19.78
19.81
19.83
19.85
19.87
19.89
19.91
19.93
19.95
19.98
20.0
20.02
20.04
20.06
20.08
20.1
20.12
20.14
20.17
20.19
20.21
20.23
20.25
20.27
20.29
20.31
20.34
20.36
20.38
20.4
20.42
20.44
20.46
20.49
20.51
20.53
20.55
20.57
20.59
20.61
20.63
20.66
20.68
20.7
20.72
20.74
20.76
20.78
20.81
20.83
20.85
20.87
20.89
20.91
20.93
20.95
20.98
21.0
21.02
21.04
21.06
21.08
21.1
21.12
21.14
21.17
21.19
21.21
21.23
21.25
21.27
21.29
21.31
21.34
21.36
21.38
21.4
21.42
21.44
21.46
21.49
21.51
21.53
21.55
21.57
21.59
21.61
21.63
21.66
21.68
21.7
21.72
21.74
21.76
21.78
21.81
21.83
21.85
21.87
21.89
21.91
21.93
21.95
21.98
22.0
22.02
22.04
22.06
22.08
22.1
22.12
22.14
22.17
22.19
22.21
22.23
22.25
22.27
22.29
22.31
22.34
22.36
22.38
22.4
22.42
22.44
22.46
22.49
22.51
22.53
22.55
22.57
22.59
22.61
22.63
22.66
22.68
22.7
22.72
22.74
22.76
22.78
22.81
22.83
22.85
22.87
22.89
22.91
22.93
22.95
22.98
23.0
23.02
23.04
23.06
23.08
23.1
23.12
23.14
23.17
23.19
23.21
23.23
23.25
23.27
23.29
23.31
23.34
23.36
23.38
23.4
23.42
23.44
23.46
23.49
23.51
23.53
23.55
23.57
23.59
23.61
23.63
23.66
23.68
23.7
23.72
23.74
23.76
23.78
23.81
23.83
23.85
23.87
23.89
23.91
23.93
23.95
23.98
24.0
24.02
24.04
24.06
24.08
24.1
24.12
24.14
24.17
24.19
24.21
24.23
24.25
24.27
24.29
24.31
24.34
24.36
24.38
24.4
24.42
24.44
24.46
24.49
24.51
24.53
24.55
24.57
24.59
24.61
24.63
24.66
24.68
24.7
24.72
24.74
24.76
24.78
24.81
24.83
24.85
24.87
24.89
24.91
24.93
24.95
24.98
25.0
25.02
25.04
25.06
25.08
25.1
25.12
25.14
25.17
25.19
25.21
25.23
25.25
25.27
25.29
25.31
25.34
25.36
25.38
25.4
25.42
25.44
25.46
25.49
25.51
25.53
25.55
25.57
25.59
25.61
25.63
25.66
25.68
25.7
25.72
25.74
25.76
25.78
25.81
25.83
25.85
25.87
25.89
25.91
25.93
25.95
25.98
26.0
26.02
26.04
26.06
26.08
26.1
26.12
26.14
26.17
26.19
26.21
26.23
26.25
26.27
26.29
26.31
26.34
26.36
26.38
26.4
26.42
26.44
26.46
26.49
26.51
26.53
26.55
26.57
26.59
26.61
26.63
26.66
26.68
26.7
26.72
26.74
26.76
26.78
26.81
26.83
26.85
26.87
26.89
26.91
26.93
26.95
26.98
27.0
27.02
27.04
27.06
27.08
27.1
27.12
27.14
27.17
27.19
27.21
27.23
27.25
27.27
27.29
27.31
27.34
27.36
27.38
27.4
27.42
27.44
27.46
27.49
27.51
27.53
27.55
27.57
27.59
27.61
27.63
27.66
27.68
27.7
27.72
27.74
27.76
27.78
27.81
27.83
27.85
27.87
27.89
27.91
27.93
27.95
27.98
28.0
28.02
28.04
28.06
28.08
28.1
28.12
28.14
28.17
28.19
28.21
28.23
28.25
28.27
28.29
28.31
28.34
28.36
28.38
28.4
28.42
28.44
28.46
28.49
28.51
28.53
28.55
28.57
28.59
28.61
28.63
28.66
28.68
28.7
28.72
28.74
28.76
28.78
28.81
28.83
28.85
28.87
28.89
28.91
28.93
28.95
28.98
29.0
29.02
29.04
29.06
29.08
29.1
29.12
29.14
29.17
29.19
29.21
29.23
29.25
29.27
29.29
29.31
29.34
29.36
29.38
29.4
29.42
29.44
29.46
29.49
29.51
29.53
29.55
29.57
29.59
29.61
29.63
29.66
29.68
29.7
29.72
29.74
29.76
29.78
29.81
29.83
29.85
29.87
29.89
29.91
29.93
29.95
29.98
30.0
30.02
30.04
30.06
30.08
30.1
30.12
30.14
30.17
30.19
30.21
30.23
30.25
30.27
30.29
30.31
30.34
30.36
30.38
30.4
30.42
30.44
30.46
30.49
30.51
30.53
30.55
30.57
30.59
30.61
30.63
30.66
30.68
30.7
30.72
30.74
30.76
30.78
30.81
30.83
30.85
30.87
30.89
30.91
30.93
30.95
30.98
31.0
31.02
31.04
31.06
31.08
31.1
31.12
31.14
31.17
31.19
31.21
31.23
31.25
31.27
31.29
31.31
31.34
31.36
31.38
31.4
31.42
31.44
31.46
31.49
31.51
31.53
31.55
31.57
31.59
31.61
31.63
31.66
31.68
31.7
31.72
31.74
31.76
31.78
31.81
31.83
31.85
31.87
31.89
31.91
31.93
31.95
31.98
32.0
32.02
32.04
32.06
32.08
32.1
32.12
32.14
32.17
32.19
32.21
32.23
32.25
32.27
32.29
32.31
32.34
32.36
32.38
32.4
32.42
32.44
32.46
32.49
32.51
32.53
32.55
32.57
32.59
32.61
32.63
32.66
32.68
32.7
32.72
32.74
32.76
32.78
32.81
32.83
32.85
32.87
32.89
32.91
32.93
32.95
32.98
33.0
33.02
33.04
33.06
33.08
33.1
33.12
33.14
33.17
33.19
33.21
33.23
33.25
33.27
33.29
33.31
33.34
33.36
33.38
33.4
33.42
33.44
33.46
33.49
33.51
33.53
33.55
33.57
33.59
33.61
33.63
33.66
33.68
33.7
33.72
33.74
33.76
33.78
33.81
33.83
33.85
33.87
33.89
33.91
33.93
33.95
33.98
34.0
34.02
34.04
34.06
34.08
34.1
34.12
34.14
34.17
34.19
34.21
34.23
34.25
34.27
34.29
34.31
34.34
34.36
34.38
34.4
34.42
34.44
34.46
34.49
34.51
34.53
34.55
34.57
34.59
34.61
34.63
34.66
34.68
34.7
34.72
34.74
34.76
34.78
34.81
34.83
34.85
34.87
34.89
34.91
34.93
34.95
34.98
35.0
35.02
35.04
35.06
35.08
35.1
35.12
35.14
35.17
35.19
35.21
35.23
35.25
35.27
35.29
35.31
35.34
35.36
35.38
35.4
35.42
35.44
35.46
35.49
35.51
35.53
35.55
35.57
35.59
35.61
35.63
35.66
35.68
35.7
35.72
35.74
35.76
35.78
35.81
35.83
35.85
35.87
35.89
35.91
35.93
35.95
35.98
36.0
36.02
36.04
36.06
36.08
36.1
36.12
36.14
36.17
36.19
36.21
36.23
36.25
36.27
36.29
36.31
36.34
36.36
36.38
36.4
36.42
36.44
36.46
36.49
36.51
36.53
36.55
36.57
36.59
36.61
36.63
36.66
36.68
36.7
36.72
36.74
36.76
36.78
36.81
36.83
36.85
36.87
36.89
36.91
36.93
36.95
36.98
37.0
37.02
37.04
37.06
37.08
37.1
37.12
37.14
37.17
37.19
37.21
37.23
37.25
37.27
37.29
37.31
37.34
37.36
37.38
37.4
37.42
37.44
37.46
37.49
37.51
37.53
37.55
37.57
37.59
37.61
37.63
37.66
37.68
37.7
37.72
37.74
37.76
37.78
37.81
37.83
37.85
37.87
37.89
37.91
37.93
37.95
37.98
38.0
38.02
38.04
38.06
38.08
38.1
38.12
38.14
38.17
38.19
38.21
38.23
38.25
38.27
38.29
38.31
38.34
38.36
38.38
38.4
38.42
38.44
38.46
38.49
38.51
38.53
38.55
38.57
38.59
38.61
38.63
38.66
38.68
38.7
38.72
38.74
38.76
38.78
38.81
38.83
38.85
38.87
38.89
38.91
38.93
38.95
38.98
39.0
39.02
39.04
39.06
39.08
39.1
39.12
39.14
39.17
39.19
39.21
39.23
39.25
39.27
39.29
39.31
39.34
39.36
39.38
39.4
39.42
39.44
39.46
39.49
39.51
39.53
39.55
39.57
39.59
39.61
39.63
39.66
39.68
39.7
39.72
39.74
39.76
39.78
39.81
39.83
39.85
39.87
39.89
39.91
39.93
39.95
39.98
40.0
40.02
40.04
40.06
40.08
40.1
40.12
40.14
40.17
40.19
40.21
40.23
40.25
40.27
40.29
40.31
40.34
40.36
40.38
40.4
40.42
40.44
40.46
40.49
40.51
40.53
40.55
40.57
40.59
40.61
40.63
40.66
40.68
40.7
40.72
40.74
40.76
40.78
40.81
40.83
40.85
40.87
40.89
40.91
40.93
40.95
40.98
41.0
41.02
41.04
41.06
41.08
41.1
41.12
41.14
41.17
41.19
41.21
41.23
41.25
41.27
41.29
41.31
41.34
41.36
41.38
41.4
41.42
41.44
41.46
41.49
41.51
41.53
41.55
41.57
41.59
41.61
41.63
41.66
41.68
41.7
41.72
41.74
41.76
41.78
41.81
41.83
41.85
41.87
41.89
41.91
41.93
41.95
41.98
42.0
42.02
42.04
42.06
42.08
42.1
42.12
42.14
42.17
42.19
42.21
42.23
42.25
42.27
42.29
42.31
42.34
42.36
42.38
42.4
42.42
42.44
42.46
42.49
42.51
42.53
42.55
42.57
42.59
42.61
42.63
42.66
42.68
42.7
42.72
42.74
42.76
42.78
42.81
42.83
42.85
42.87
42.89
42.91
42.93
42.95
42.98
43.0
43.02
43.04
43.06
43.08
