2.3780527
2.3777654
2.3715012
2.3796995
2.2974582
2.2504456
2.2996964
2.3058648
2.272604
2.257749
2.2539592
2.2525604
2.2040393
2.2122014
2.2383335
2.2450855
2.2491975
2.1936142
2.2393725
2.2173815
2.197571
2.1456108
2.121444
2.1520638
2.1266587
2.1376863
2.172528
2.1384385
2.222758
2.146092
2.1395798
2.108882
2.1855938
2.084823
2.095615
2.062036
2.0631588
2.152401
2.1031363
2.1401448
1.9878824
2.0479808
2.1031313
1.9921193
1.9484559
2.0560908
2.0249116
2.0868428
2.0350544
1.9948916
2.0680037
2.0101838
1.9638327
2.0508175
1.9037688
1.9384501
1.949951
1.8962171
1.9711119
1.9848573
1.9448144
1.9350746
1.9265189
1.967694
1.903693
1.8180683
1.8814981
1.878882
1.9578309
1.9740616
1.8499303
1.9132544
1.9399855
1.8608397
1.87303
1.9598154
1.9065143
1.8413897
1.7065649
1.8538823
1.829913
1.8424947
1.8222951
1.7671322
1.8297048
1.9420085
1.7991178
1.80725
1.822264
1.8100467
1.8627917
1.7409781
1.7195456
1.7918221
1.9117457
1.8000113
1.8429183
1.818589
1.7799287
1.7956624
1.8083154
1.7383806
1.7770805
1.6989533
1.6854138
1.7257668
1.7288737
1.8608758
1.7008102
1.752877
1.8724743
1.8403835
1.7652915
1.7914052
1.797382
1.8383542
1.7801763
1.726596
1.8333229
1.8627952
1.7544589
1.8160001
1.8052872
1.7680917
1.780684
1.6854943
1.907278
1.7899088
1.8257476
1.6816517
1.8101534
1.798406
1.7321641
1.7128818
1.6845946
1.6811738
1.7696805
1.7588475
1.6582756
1.8355582
1.769077
1.8172259
1.7524617
1.9224398
1.7792791
1.7087858
1.8222039
1.5785183
1.7613149
1.8645362
1.6330838
1.816548
1.7228508
1.7994423
1.7836403
1.793826
1.8556665
1.5537803
1.7266719
1.764466
1.6783543
1.6397505
1.7524723
1.6339347
1.7528915
1.7376841
1.8169615
1.5897691
1.69889
1.736262
1.8009646
1.7002137
1.6572058
1.8265235
1.7196099
1.5358734
1.6688435
1.795432
1.6984819
1.7868327
1.782887
1.6356641
1.8353585
1.796543
1.7808679
1.6397152
1.5954082
1.7380655
1.6834896
1.7280216
1.7039322
1.5829471
1.6739812
1.6821113
1.6475935
1.676047
1.6964185
1.8617283
1.581809
1.8480453
1.9116567
1.7371733
1.7401685
1.7274294
1.7040532
1.5512664
1.7768412
1.6362135
1.7587134
1.6965231
1.7167306
1.6077482
1.7539079
1.5949271
1.7359598
1.7711551
1.6759045
1.7224473
1.8444257
1.6476668
1.7867799
1.7374864
1.5904462
1.6403494
1.6447239
1.6863811
1.7590969
1.6433349
1.7304263
1.7910091
1.7791481
1.6013305
1.6414957
1.6088098
1.8365431
1.743035
1.6421088
1.6424294
1.5815226
1.6476401
1.630489
1.7195966
1.6562288
1.7244006
1.606623
1.7225811
1.6472
1.6774243
1.541575
1.7628427
1.7228909
1.8216281
1.6723409
1.8030777
1.7255503
1.508302
1.6379138
1.7187486
1.9461132
1.5577674
1.7828149
1.6819168
1.7204803
1.6731135
1.6753193
1.8496251
1.5557393
1.6142927
1.648102
1.6576077
1.5149227
1.5843699
1.7208021
1.6569023
1.7566518
1.6108423
1.5993806
1.7076992
1.6169875
1.6900219
1.577748
1.7202991
1.7341098
1.6376736
1.7123818
1.7685941
1.7596338
1.7048094
1.7664865
1.7322407
1.6789111
1.651371
1.6597341
1.6622701
1.6732167
1.5970871
1.6460598
1.6622931
1.7083778
1.6309673
1.6374949
1.6348475
1.5161501
1.6913793
1.5846244
1.6715176
1.6955518
1.8553709
1.783745
1.7373027
1.6377698
1.7205
1.7550462
1.792627
1.6368724
1.5396445
1.6977885
1.6034161
1.7462462
1.5197327
1.7265366
1.7037668
1.7700616
1.6332736
1.7457142
1.5968881
1.6900125
1.5971097
1.814486
1.684668
1.7396297
1.610112
1.7220216
1.6670443
1.6866231
1.5889583
1.6606251
1.7262806
1.6707587
1.4479213
1.4855354
1.6284597
1.8369375
1.606236
1.6731285
1.4754658
1.5850399
1.6325616
1.6801759
1.6185168
1.5838928
1.5951279
1.7069794
1.6602434
1.6980734
1.6177275
1.5613352
1.5277845
1.6847337
1.8682764
1.6783965
1.6173285
1.8217343
1.841671
1.6713129
1.6134433
1.6122626
1.7458643
1.6542696
1.6806178
1.764099
1.7673056
1.7308058
1.7661672
1.6751057
1.765324
1.8452127
1.5854645
1.7357323
1.7523253
1.8037982
1.7679584
1.607074
1.5460255
1.7648551
1.7730386
1.669155
1.6956023
1.6859245
1.7936811
1.4366055
1.7532042
1.8063318
1.8152658
1.7760881
1.7993866
1.6916561
1.5866569
1.8279504
1.7252189
1.7652615
1.7580516
1.8140026
1.862765
1.5559081
1.6697415
1.6567874
1.594203
1.6163706
1.6589191
1.657122
1.5761033
1.7239888
1.5892467
1.688739
1.5754745
1.7702785
1.755988
1.890711
1.7964131
1.8038813
1.7078127
1.526503
1.5784589
1.5948703
1.6980612
1.7559993
1.7794381
1.745281
1.6666934
1.8248304
1.6029503
1.719407
1.6124127
1.8422655
1.557239
1.7151318
1.600734
1.8752344
1.789303
1.784854
1.5941691
1.8161212
1.6101432
1.7593113
1.7063732
1.5801188
1.7699674
1.6555021
1.5797558
1.6529062
1.6353066
1.8632352
1.5826811
1.6093793
1.6618676
1.5786424
1.7375358
1.6319741
1.7064114
1.7506773
1.5222727
1.9099108
1.5557281
1.7641213
1.8761126
1.7404475
1.6324294
1.5522972
1.6271417
1.7591107
1.7495073
1.6688318
1.7537615
1.703655
1.7685325
1.6934662
1.7583616
1.6335009
1.6721277
1.6708089
1.6902118
1.7612749
1.5175178
1.6402439
1.640399
1.7564812
1.5296991
1.7280545
1.7318045
1.6893821
1.7242222
1.6449771
1.9017547
1.4981513
1.6504055
1.5754617
1.6452622
1.6029269
1.6887492
1.598988
1.6232599
1.7773883
1.6688879
1.6709262
1.780414
1.5763682
1.5729035
1.8609014
1.7277579
1.6022712
1.6560233
1.7158499
1.6972193
1.7150891
1.6425135
1.7373902
1.7082042
1.7631367
1.8252617
1.6860713
1.5657922
1.6295807
1.719081
1.5259447
1.5822915
1.8204567
1.6908817
1.8355215
1.7568668
1.7693939
1.673487
1.8884051
1.8737859
1.6918812
1.6413333
1.7489003
1.740054
1.7380775
1.7778822
1.6004235
1.7223809
1.7012035
1.9632245
1.5757393
1.9020792
1.6661743
1.5450348
1.6632875
1.7537209
1.7124538
1.6211653
1.5250363
1.5802903
1.83013
1.8993732
1.7028328
1.652665
1.7746077
1.6762248
1.6667397
1.7944305
1.645492
1.6133649
1.7139328
1.5275735
1.72411
1.836231
1.8081554
1.7384464
1.6602182
1.5071979
1.7239108
1.734493
1.7546222
1.6784543
1.6420039
1.9274068
1.7062969
1.8062925
1.6876296
1.8084106
1.7370042
1.5220128
1.7071265
1.7289071
1.8553878
1.821422
1.7574651
1.6895956
1.5826663
1.7541739
1.6995894
1.6940936
1.7752911
1.5726321
1.6894097
1.770346
1.7350628
1.7486913
1.5986756
1.5297816
1.63483
1.64454
1.7068968
1.6356866
1.6877689
1.609496
1.8383178
1.9794756
1.788388
1.6463872
1.78439
1.7182279
1.7466028
1.6960942
1.826325
1.6225315
1.631531
1.7482972
1.6978652
1.7935402
1.7132869
1.7152784
1.8369863
1.7259899
1.8165619
1.6891007
1.8837054
1.752761
1.729241
1.701037
1.6980122
1.6588342
1.6856841
1.8565
1.8557773
1.8076423
1.8552295
1.6479641
1.7171326
1.9442956
1.6341399
1.6644408
1.7681744
1.6669554
1.8411297
1.4824483
1.7440959
1.72605
1.6200331
1.7163657
1.5990586
1.662205
1.5386839
1.5093678
1.621562
1.749869
1.6053169
1.8221419
1.6354733
1.77879
1.6085294
1.6469427
1.652014
1.7092241
1.7437255
1.7160192
1.7097586
1.7454249
1.6586243
1.7463105
1.682194
1.6030592
1.7951349
1.7614981
1.70048
1.60865
1.7838469
1.5941061
1.9042624
1.5531379
1.8188523
1.7037944
1.6447574
1.721536
1.8685455
1.8470228
1.8801752
1.585847
1.7568555
1.6524892
1.6951047
1.6617738
1.6880999
1.7337239
1.5572178
1.7018516
1.7726971
1.7418973
1.6060683
1.612885
1.6397876
1.6291262
1.6766737
1.589759
1.7836375
1.5784397
1.6087611
1.8519793
1.5737565
1.7340211
1.6400626
1.7466118
1.6572182
1.6941279
1.6183678
1.7514344
1.7222909
1.875324
1.7820505
1.8393418
1.6719438
1.6747373
1.559372
1.6839321
1.5509831
1.5946013
1.6722001
1.8740263
1.672601
1.7077941
1.6367824
1.8773795
1.7615485
1.695412
1.5901287
1.7608298
1.7109439
1.6904038
1.7753987
1.7465309
1.8096044
1.6546851
1.7354188
1.6809046
1.7313371
1.6426361
1.7087774
1.665762
1.7102392
1.7316357
1.7166378
1.7018554
1.5578564
1.7383046
1.6271445
1.8165619
1.7539343
1.5226108
1.8216118
1.7725104
1.6597663
1.8536844
1.7451012
1.7083938
1.7154173
1.7561547
1.7190595
1.8394798
1.7281094
1.7356418
1.662174
1.6830893
1.6096218
1.7987235
1.754235
1.7745843
1.654526
1.619714
1.5818846
1.8205553
1.7496283
1.6290997
1.6369505
1.6273639
1.798445
1.787161
1.7790828
1.6493473
1.5600319
1.7744977
1.6682317
1.7492555
1.7201496
1.680236
1.6720383
1.6800278
1.6886048
1.715802
1.6649243
1.7746867
1.817871
1.680761
1.6659069
1.6478378
1.6258371
1.6586357
1.7434585
1.604991
1.8528839
1.608686
1.5870718
1.4819413
1.689572
1.6538785
1.886346
1.6700048
1.5871481
1.6375607
1.7981863
1.5959144
1.752057
1.807487
1.8270228
1.6982944
1.6827819
1.6406559
1.6773065
1.7333164
1.6618304
1.7924027
1.6457776
1.6855288
1.7967582
1.7238917
1.7313168
1.8218604
1.6286991
1.7441458
1.6350274
1.641317
1.6806079
1.6069818
1.6974552
1.6405826
1.539124
1.6391423
1.8113043
1.5618526
1.582373
1.7119424
1.7210184
1.5601848
1.6861018
1.8278329
1.5587492
1.8148212
1.6185584
1.6551142
1.7404737
1.719334
1.6089466
1.7343063
1.7594392
1.5642531
1.777616
1.8514413
1.6508949
1.7828871
1.8484913
1.6198034
1.6677862
1.6753751
1.6561458
1.567617
1.6683922
1.6789279
1.8004566
1.6027793
1.6979254
1.6545804
1.8159951
1.7668369
1.7965953
1.757163
1.8304012
1.6576228
1.603535
1.6687127
1.6616426
1.6733903
1.7469548
1.6507093
1.643024
1.5895997
1.7164156
1.8205367
1.7087551
1.650886
1.6759963
1.5971373
1.7788638
1.8355595
1.5885478
1.6375357
1.7395058
1.5859252
1.62435
1.6717976
1.5487803
1.5190393
1.6258936
1.7326899
1.6396698
1.6611246
1.8403801
1.6027194
1.6357024
1.6954222
1.8931214
1.7055671
1.7651391
1.7828302
1.6612977
1.6632786
1.7360215
1.5860915
1.8078467
1.5406626
1.5726627
1.6444622
1.7015661
1.7039387
1.5768658
1.6751888
1.7503893
1.8819436
1.7193345
1.6823941
1.7126262
1.7587054
1.7256476
1.7390852
1.8665758
1.7009354
1.6891303
1.8211385
1.7345276
1.5596877
1.7161292
1.607634
1.6700939
1.7318372
1.768453
1.6652173
1.6109902
1.7307924
1.6136097
1.627918
1.8119383
1.8046104
1.6445303
1.7572166
1.553753
1.6070063
1.5497023
1.743055
1.5885949
1.6898327
1.6430573
1.6168225
1.602462
1.7539967
1.670868
1.551658
1.6410178
1.6380974
1.5738232
1.5926182
1.7507845
1.7379185
1.8037874
1.6838233
1.6603445
1.577178
1.8461014
1.6297317
1.7427478
1.6834649
1.635621
1.5650562
1.6311535
1.8129135
1.6660713
1.5879827
1.8165932
1.6573037
1.5856172
1.6639447
1.4798154
1.6508931
1.730137
1.6656884
1.690405
1.7321457
1.6088443
1.6258571
1.8069211
1.5706546
1.8354844
1.7906419
1.6520393
1.6092991
1.5606946
1.6361653
1.5946761
1.6369085
1.6615436
1.5964444
1.7510843
1.7519971
1.61559
1.5674329
1.6428964
1.6085019
1.6829182
1.6608703
1.5547861
1.6962532
1.6632168
1.7531884
1.6522117
1.683897
1.7043718
1.7408738
1.6693037
1.7206987
1.6060848
1.6839367
1.6406269
1.5975456
1.6276385
1.6097319
1.7135789
1.4737802
1.6329899
1.629998
1.7014561
1.747327
1.6286827
1.6594334
1.6541218
1.6432966
1.5817542
1.5537338
1.7288109
1.7668481
1.610894
1.8655596
1.6821967
1.7285992
1.6258152
1.8518264
1.6311288
1.756287
1.5938761
1.7537122
1.7687925
1.7777622
1.544436
1.6107692
1.7564205
1.7324283
1.5392154
1.6179426
1.5012401
1.6594568
1.6737901
1.6843591
1.7633803
1.7741015
1.7434441
1.7065586
1.5820321
1.6755136
1.5797535
1.6815982
1.589981
1.6982265
1.66745
1.7662536
1.6651437
1.7344805
1.7245817
1.4141384
1.6271273
1.5740104
1.904227
1.6731861
1.6135291
1.5914464
1.6898731
1.8221726
1.6189972
1.7574699
1.6027226
1.7623643
1.8982439
1.8758469
1.5938216
1.7387112
1.7309726
1.7532346
1.6899552
1.6450956
1.5891755
1.6169729
1.7284064
1.7932798
1.7007961
1.6470447
1.620294
1.6993679
1.7420175
1.5725939
1.7337794
1.7124598
1.7613772
1.6363544
1.5628386
1.6950806
1.7832034
1.7432884
1.7517331
1.5848813
1.6171218
1.6143206
1.6299063
1.6045964
1.6190544
1.5668534
1.7275078
1.6627554
1.7159929
1.752323
1.8305058
1.5907999
1.587179
1.7954111
1.5980971
1.8620864
1.6666503
1.6512358
1.6180263
1.6444225
1.6254016
1.7757589
1.815047
1.6424602
1.755477
1.813882
1.508201
1.4832275
1.5924835
1.6871849
1.4658363
1.7457734
1.726239
1.5759761
1.7234757
1.7467055
1.7947154
1.7802185
1.6503251
1.6134446
1.5370944
1.6486603
1.6369259
1.6930875
1.6884096
1.7499198
1.6291232
1.7543806
1.4545457
1.5872109
1.6494287
1.6867671
1.6891273
1.6567119
1.7261614
1.867878
1.7766666
1.6819396
1.5657735
1.6994331
1.8030479
1.7638465
1.6993512
1.6833568
1.6632415
1.5594862
1.4927185
1.5913894
1.6185653
1.678973
1.675138
1.6968071
1.775009
1.6346643
1.6470622
1.6169022
1.6652507
1.7809166
1.7575891
1.6829102
1.9469846
1.7349422
1.6810075
1.7638745
1.7290577
1.7000453
1.7053438
1.6806233
1.7090892
1.6533164
1.609323
1.6183342
1.539221
1.703176
1.6553394
1.647619
1.7230326
1.7498268
1.6143593
1.6507409
1.5397522
1.6727364
1.6998458
1.8104777
1.8525207
1.626614
1.7680402
1.659492
1.580779
1.6578943
1.6995547
1.6559681
1.8368521
1.8054087
1.6605525
1.6989605
1.7849046
1.7744642
1.6625448
1.8107258
1.5791838
1.6327055
1.6130122
1.7743183
1.6216464
1.6348544
1.7509943
1.6973457
1.7524742
1.652498
1.7765683
1.77284
1.6564251
1.6246419
1.7140229
1.6443294
1.6464033
1.7089694
1.7427878
1.7119374
1.7433382
1.5941006
1.9018711
1.6511321
1.5926386
1.6696943
1.6427505
1.7063093
1.5883545
1.5915685
1.6280376
1.4913311
1.8602875
1.6930891
1.7375371
1.6819193
1.696504
1.7030696
1.6932456
1.6062871
1.7423506
1.6854223
1.6887755
1.6219183
1.6666002
1.8094655
1.7303747
1.7478265
1.6728585
1.622539
1.8507184
1.5863816
1.6166673
1.759401
1.6826237
1.4528767
1.70345
1.7104237
1.6226414
1.696602
1.7486279
1.550685
1.737007
1.6864089
1.7971995
1.6949482
1.5546424
1.5632079
1.6416056
1.7376313
1.5126354
1.6513032
1.694279
1.7572067
1.7575582
1.7379277
1.6922051
1.7958272
1.654279
1.6509387
1.687333
1.720568
1.5887709
1.816965
1.6126872
1.7901514
1.8570539
1.5507066
1.5591702
1.5863492
1.6426953
1.6776893
1.6527674
1.6435372
1.8346045
1.6681046
1.7016685
1.6516945
1.8080101
1.6258519
1.6447072
1.6055114
1.5780921
1.8234245
1.7451367
1.6864576
1.6144655
1.6256746
1.6210686
1.6329776
1.6425761
1.6711116
1.7651068
1.6314902
1.6966133
1.769281
1.6703024
1.5103966
1.8827021
1.6084132
1.6566118
1.6979195
1.6984743
1.3917953
1.6821661
1.6637479
1.7358652
1.602525
1.7403193
1.504572
1.5722917
1.7082052
1.5331059
1.8997668
1.6504514
1.6060828
1.804665
1.5746849
1.8021574
1.5825663
1.8499558
1.7398762
1.6166806
1.5861884
1.7523923
1.6109822
1.632007
1.7026466
1.7978286
1.7973486
1.7374128
1.7243128
1.5596868
1.8204731
1.8134642
1.7572827
1.8500096
1.6184112
1.616586
1.6163203
1.6701239
1.7285972
1.6181804
1.6047142
1.6627204
1.7908581
1.6845295
1.6383156
1.650934
1.6565129
1.7666047
1.833632
1.8684369
1.6970919
1.8399947
1.7955148
1.7762496
1.6327869
1.6890529
1.7066523
1.8399426
1.6639876
1.5786288
1.7279975
1.695873
1.6603355
1.6367042
1.5344878
1.6324257
1.7107956
1.6574798
1.6195643
1.6936997
1.637555
1.6731977
1.4825573
1.6904641
1.6963172
1.7056319
1.9151813
1.6416792
1.6163571
1.6550987
1.6372354
1.6608881
1.5664706
1.7378308
1.844104
1.7220334
1.708994
1.5245521
1.6136236
1.7878715
1.6074404
1.788034
1.6222636
1.808309
1.5563592
1.6342951
1.667055
1.496386
1.6427734
1.6510671
1.6634386
1.5854045
1.7573327
1.6248318
1.6429101
1.7953346
1.7533934
1.5747404
1.598291
1.6580421
1.8469683
1.7749592
1.622763
1.6674227
1.7312183
1.7873034
1.6321957
1.7192008
1.7112638
1.6219845
1.6945671
1.7000245
1.6775007
1.7348294
1.7508161
1.9068342
1.4798477
1.6137506
1.8426358
1.7788309
1.5679926
1.7436389
1.702925
1.944204
1.7274836
1.9304478
1.5521774
1.669877
1.7317367
1.6867317
1.8697345
1.679403
1.6245482
1.6714343
1.7107894
1.6532634
1.6737539
1.7036637
1.6648086
1.6250715
1.7122544
2.0432494
1.7760781
1.779187
1.7700115
1.5962064
1.7695925
1.7675524
1.8011798
1.7061768
1.9337815
1.730048
1.6131059
1.7605064
1.5533602
1.6799271
1.569052
1.7527556
1.7502797
1.7103148
1.7409081
1.7109722
1.6769556
1.7485704
1.5224625
1.6871166
1.6827227
1.5836675
1.6989774
1.5868603
1.7261378
1.5789169
1.5999973
1.7474642
1.7758124
1.873666
1.7217594
1.7428226
1.6377836
1.5878116
1.81954
1.670666
1.6032326
1.684783
1.6098812
1.7668017
1.6763731
1.8574357
1.933125
1.8023597
1.6169778
1.6802809
1.8865443
1.6873028
1.5806429
1.9596328
1.5923941
1.7892478
1.6855667
1.5427542
1.6987723
1.7632347
1.604242
1.7208732
1.5467649
1.7601222
1.7241666
1.8146827
1.8721837
1.6702365
1.6422297
1.8030326
1.6968483
1.7234255
1.7343731
1.6286411
1.6355728
1.5710186
1.6040335
1.6924826
1.6042887
1.5780312
1.8089627
1.6807402
1.9354478
1.6210188
1.5659462
1.7480346
1.6777985
1.8423107
1.7358036
1.6043247
1.5975922
1.7670382
1.7359682
1.6644046
1.7109848
1.6942647
1.7194324
1.7552868
1.5129188
1.6038808
1.6983118
1.7185394
1.7511564
1.6380426
1.7525829
1.5767175
1.7482758
1.6894529
1.5720397
1.6678588
1.6185232
1.6411511
1.5202869
1.5705771
1.7452033
1.7684889
1.8210663
1.7266477
1.6239588
1.5945505
1.6497247
1.9430593
1.8292637
1.612561
1.6104594
1.7040087
1.696187
1.7888305
1.6059195
1.7055721
1.7601796
1.6528196
1.7120429
1.6652238
1.615063
1.7826002
1.649018
1.8301399
1.5883071
1.6893746
1.6363887
1.6985139
1.7234437
1.8018821
1.6650267
1.6529547
1.8655173
1.6282499
1.8362935
1.7776343
1.6124109
1.8026758
1.6499413
1.8311158
1.7792557
1.74592
1.7616318
1.5606647
1.6409525
1.6498872
1.7513671
1.6908981
1.6698784
1.7429857
1.7712767
1.7263585
1.6716417
1.6817629
1.6909455
1.7293841
1.5707128
1.7055722
1.6245441
2.0073109
1.7084115
1.6566885
1.5107121
1.7945933
1.6373422
1.7704248
1.603909
1.7251796
1.7756089
1.600614
1.7509892
1.7188154
1.7399945
1.6791073
1.5948957
1.642119
1.717587
1.8158615
1.6738521
1.6810497
1.7073916
1.5275707
1.6825057
1.7716333
1.5970776
1.6909126
1.7213358
1.6353037
1.5697466
1.6092511
1.5891037
1.7141466
1.6723989
1.7339444
1.6275227
1.7501464
1.4949929
1.6199564
1.7668675
1.6378169
1.652506
1.5950093
1.7007425
1.6290538
1.6986256
1.7174584
1.680297
1.5463432
1.6477096
1.7448821
1.7337563
1.6248962
1.7541025
1.5700268
1.6902026
1.6201965
1.7167692
1.5235659
1.6115931
1.6811051
1.7183632
1.6552539
1.6970421
1.559384
1.8567777
1.750995
1.7178725
1.6005027
1.6314187
1.6737349
1.736715
1.606467
1.6599886
1.7171469
1.8086039
1.7510722
1.7791008
1.6700344
1.7133874
1.6137402
1.6438594
1.7256342
1.5713989
1.7423272
1.5327084
1.7076347
1.7538906
1.7371151
1.913705
1.7143859
1.7218096
1.7600883
1.7222261
1.7672744
1.8112504
1.6081989
1.6330014
1.7119557
1.8506128
1.7040684
1.738236
1.592756
1.6849585
1.7211511
1.7668811
1.6743103
1.6958824
1.6393853
1.6092832
1.655221
1.5927292
1.654867
1.7109691
1.7415894
1.6096605
1.602618
1.7306352
1.8690373
1.8720474
1.5765834
1.5467727
1.6642225
1.6048179
1.9292973
1.7489257
1.6913776
1.6083786
1.7169982
1.6055269
1.765664
1.7150689
1.5848358
1.6556593
1.8134117
1.5497822
1.7936833
1.6318783
1.7306277
1.6814092
1.7458588
1.6215862
1.9742037
1.7269968
1.7117519
1.7489104
1.6564314
1.7440492
1.7196937
1.6529675
1.6307237
1.7759347
1.6479355
1.7358837
1.7130877
1.6819216
1.6148825
1.6319702
1.6186343
1.6581874
1.6450864
1.7887087
1.8178794
1.5324241
1.6707633
1.7293568
1.6132891
1.7345945
1.7069734
1.6873792
1.751177
1.5092182
1.7272214
1.6622218
1.586088
1.6491406
1.8179047
1.60609
1.6416122
1.7337345
1.5656959
1.7289265
1.7142619
1.7697378
1.6505018
1.5721822
1.7785268
1.6347301
1.8686445
1.6862483
1.7085042
1.6345725
1.7119075
1.6260533
1.8118904
1.6968606
1.686515
1.6784244
1.6085007
1.7202637
1.6885598
1.6302074
1.7826074
1.6268218
1.6166033
1.5314953
1.733482
1.5360656
1.5835152
1.7509053
1.4808922
1.6882719
1.6004618
1.6685815
1.8970757
1.6471788
1.5521934
1.7158927
1.7565315
1.8538469
1.7185515
1.7110951
1.6035995
1.793229
1.673669
1.6606581
1.7002257
1.8055211
1.5587813
1.7225864
1.5982375
1.6636595
1.6771618
1.6054782
1.7386702
1.6734335
1.7783343
1.7067827
1.7730687
1.5681852
1.6899426
1.7496864
1.6604176
1.807272
1.921764
1.6060189
1.581746
1.5799525
1.687047
1.6338755
1.6050478
1.7179984
1.5474842
1.6163557
1.7664117
1.6474395
1.6893942
1.6561596
1.6659888
1.7389063
1.5450181
1.606851
1.7309345
1.6887144
1.6068947
1.6229937
1.6997031
1.7451503
1.5930158
1.8084908
1.7037938
1.7865994
1.6906383
1.6856053
1.6736327
1.6286522
1.819339
1.7134721
1.756057
1.6419256
1.809263
1.7220317
1.7548159
1.8463719
1.5950892
1.6091391
1.5358378
1.5988142
1.681528
1.698832
1.7802753
1.6709557
1.6432492
1.77305
1.6321338
1.5032066
1.7008165
1.8660276
1.5914909
1.6567439
1.8385634
1.8680842
1.7157263
1.5821182
1.6665494
1.7657934
1.7942157
1.8607553
1.5606986
1.7060599
1.6879982
1.6075541
1.6677246
1.7977033
1.6867737
1.6666318
1.6370778
1.526944
1.6537366
1.5929861
1.6497337
1.7745328
