0.0
0.02
0.04
0.06
0.08
0.1
0.12
0.14
0.17
0.19
0.21
0.23
0.25
0.27
0.29
0.31
0.34
0.36
0.38
0.4
0.42
0.44
0.46
0.49
0.51
0.53
0.55
0.57
0.59
0.61
0.63
0.66
0.68
0.7
0.72
0.74
0.76
0.78
0.81
0.83
0.85
0.87
0.89
0.91
0.93
0.95
0.98
1.0
1.02
1.04
1.06
1.08
1.1
1.12
1.1400000000000001
1.17
1.19
1.21
1.23
1.25
1.27
1.29
1.31
1.34
1.3599999999999999
1.38
1.4
1.42
1.44
1.46
1.49
1.51
1.53
1.55
1.5699999999999998
1.5899999999999999
1.6099999999999999
1.63
1.6600000000000001
1.6800000000000002
1.7
1.72
1.74
1.76
1.78
1.81
1.83
1.85
1.87
1.8900000000000001
1.9100000000000001
1.9300000000000002
1.95
1.98
2.0
2.02
2.04
2.06
2.08
2.1
2.12
2.14
2.17
2.19
2.21
2.23
2.25
2.27
2.29
2.31
2.34
2.36
2.38
2.4
2.42
2.44
2.46
2.49
2.51
2.5300000000000002
2.55
2.57
2.59
2.61
2.63
2.66
2.68
2.7
2.7199999999999998
2.74
2.76
2.7800000000000002
2.81
2.83
2.85
2.87
2.89
2.91
2.93
2.95
2.98
3.0
3.02
3.04
3.06
3.08
3.1
3.12
3.14
3.17
3.19
3.21
3.23
3.25
3.27
3.29
3.31
3.34
3.36
3.38
3.4
3.42
3.44
3.46
3.49
3.51
3.5300000000000002
3.55
3.57
3.59
3.61
3.63
3.66
3.68
3.7
3.7199999999999998
3.74
3.76
3.7800000000000002
3.81
3.83
3.85
3.87
3.89
3.91
3.93
3.95
3.98
4.0
4.02
4.04
4.06
4.08
4.1
4.12
4.14
4.17
4.19
4.21
4.23
4.25
4.27
4.29
4.31
4.34
4.36
4.38
4.4
4.42
4.44
4.46
4.49
4.51
4.53
4.55
4.57
4.59
4.61
4.63
4.66
4.68
4.7
4.72
4.74
4.76
4.78
4.8100000000000005
4.83
4.85
4.87
4.89
4.91
4.93
4.95
4.98
5.0
5.02
5.04
5.06
5.08
5.1
5.12
5.14
5.17
5.19
5.21
5.23
5.25
5.27
5.29
5.31
5.34
5.36
5.38
5.4
5.42
5.44
5.46
5.49
5.51
5.53
5.55
5.57
5.59
5.61
5.63
5.66
5.68
5.7
5.72
5.74
5.76
5.78
5.8100000000000005
5.83
5.85
5.87
5.89
5.91
5.93
5.95
5.98
6.0
6.02
6.04
6.06
6.08
6.1
6.12
6.14
6.17
6.19
6.21
6.23
6.25
6.27
6.29
6.31
6.34
6.36
6.38
6.4
6.42
6.44
6.46
6.49
6.51
6.53
6.55
6.57
6.59
6.61
6.63
6.66
6.68
6.7
6.72
6.74
6.76
6.78
6.8100000000000005
6.83
6.85
6.87
6.89
6.91
6.93
6.95
6.98
7.0
7.02
7.04
7.06
7.08
7.1
7.12
7.14
7.17
7.19
7.21
7.23
7.25
7.27
7.29
7.31
7.34
7.36
7.38
7.4
7.42
7.44
7.46
7.49
7.51
7.53
7.55
7.57
7.59
7.61
7.63
7.66
7.68
7.7
7.72
7.74
7.76
7.78
7.8100000000000005
7.83
7.85
7.87
7.89
7.91
7.93
7.95
7.98
8.0
8.02
8.04
8.06
8.08
8.1
8.12
8.14
8.17
8.19
8.21
8.23
8.25
8.27
8.29
8.31
8.34
8.36
8.38
8.4
8.42
8.44
8.46
8.49
8.51
8.53
8.55
8.57
8.59
8.61
8.63
8.66
8.68
8.7
8.72
8.74
8.76
8.78
8.81
8.83
8.85
8.87
8.89
8.91
8.93
8.95
8.98
9.0
9.02
9.04
9.06
9.08
9.1
9.12
9.14
9.17
9.19
9.21
9.23
9.25
9.27
9.29
9.31
9.34
9.36
9.38
9.4
9.42
9.44
9.46
9.49
9.51
9.53
9.55
9.57
9.59
9.61
9.63
9.66
9.68
9.7
9.72
9.74
9.76
9.78
9.81
9.83
9.85
9.87
9.89
9.91
9.93
9.95
9.98
10.0
10.02
10.04
10.06
10.08
10.1
10.12
10.14
10.17
10.19
10.21
10.23
10.25
10.27
10.29
10.31
10.34
10.36
10.38
10.4
10.42
10.44
10.46
10.49
10.51
10.53
10.55
10.57
10.59
10.61
10.63
10.66
10.68
10.7
10.72
10.74
10.76
10.78
10.81
10.83
10.85
10.87
10.89
10.91
10.93
10.95
10.98
11.0
11.02
11.04
11.06
11.08
11.1
11.12
11.14
11.17
11.19
11.21
11.23
11.25
11.27
11.29
11.31
11.34
11.36
11.38
11.4
11.42
11.44
11.46
11.49
11.51
11.53
11.55
11.57
11.59
11.61
11.63
11.66
11.68
11.7
11.72
11.74
11.76
11.78
11.81
11.83
11.85
11.87
11.89
11.91
11.93
11.95
11.98
12.0
12.02
12.04
12.06
12.08
12.1
12.12
12.14
12.17
12.19
12.21
12.23
12.25
12.27
12.29
12.31
12.34
12.36
12.38
12.4
12.42
12.44
12.46
12.49
12.51
12.53
12.55
12.57
12.59
12.61
12.63
12.66
12.68
12.7
12.72
12.74
12.76
12.78
12.81
12.83
12.85
12.87
12.89
12.91
12.93
12.95
12.98
13.0
13.02
13.04
13.06
13.08
13.1
13.12
13.14
13.17
13.19
13.21
13.23
13.25
13.27
13.29
13.31
13.34
13.36
13.38
13.4
13.42
13.44
13.46
13.49
13.51
13.53
13.55
13.57
13.59
13.61
13.63
13.66
13.68
13.7
13.72
13.74
13.76
13.78
13.81
13.83
13.85
13.87
13.89
13.91
13.93
13.95
13.98
14.0
14.02
14.04
14.06
14.08
14.1
14.12
14.14
14.17
14.19
14.21
14.23
14.25
14.27
14.29
14.31
14.34
14.36
14.38
14.4
14.42
14.44
14.46
14.49
14.51
14.53
14.55
14.57
14.59
14.61
14.63
14.66
14.68
14.7
14.72
14.74
14.76
14.78
14.81
14.83
14.85
14.87
14.89
14.91
14.93
14.95
14.98
15.0
15.02
15.04
15.06
15.08
15.1
15.12
15.14
15.17
15.19
15.21
15.23
15.25
15.27
15.29
15.31
15.34
15.36
15.38
15.4
15.42
15.44
15.46
15.49
15.51
15.53
15.55
15.57
15.59
15.61
15.63
15.66
15.68
15.7
15.72
15.74
15.76
15.78
15.81
15.83
15.85
15.87
15.89
15.91
15.93
15.95
15.98
16.0
16.02
16.04
16.06
16.08
16.1
16.12
16.14
16.17
16.19
16.21
16.23
16.25
16.27
16.29
16.31
16.34
16.36
16.38
16.4
16.42
16.44
16.46
16.49
16.51
16.53
16.55
16.57
16.59
16.61
16.63
16.66
16.68
16.7
16.72
16.74
16.76
16.78
16.81
16.83
16.85
16.87
16.89
16.91
16.93
16.95
16.98
17.0
17.02
17.04
17.06
17.08
17.1
17.12
17.14
17.17
17.19
17.21
17.23
17.25
17.27
17.29
17.31
17.34
17.36
17.38
17.4
17.42
17.44
17.46
17.49
17.51
17.53
17.55
17.57
17.59
17.61
17.63
17.66
17.68
17.7
17.72
17.74
17.76
17.78
17.81
17.83
17.85
17.87
17.89
17.91
17.93
17.95
17.98
18.0
18.02
18.04
18.06
18.08
18.1
18.12
18.14
18.17
18.19
18.21
18.23
18.25
18.27
18.29
18.31
18.34
18.36
18.38
18.4
18.42
18.44
18.46
18.49
18.51
18.53
18.55
18.57
18.59
18.61
18.63
18.66
18.68
18.7
18.72
18.74
18.76
18.78
18.81
18.83
18.85
18.87
18.89
18.91
18.93
18.95
18.98
19.0
19.02
19.04
19.06
19.08
19.1
19.12
19.14
19.17
19.19
19.21
19.23
19.25
19.27
19.29
19.31
19.34
19.36
19.38
19.4
19.42
19.44
19.46
19.49
19.51
19.53
19.55
19.57
19.59
19.61
19.63
19.66
19.68
19.7
19.72
19.74
19.76
19.78
19.81
19.83
19.85
19.87
19.89
19.91
19.93
19.95
19.98
20.0
20.02
20.04
20.06
20.08
20.1
20.12
20.14
20.17
20.19
20.21
20.23
20.25
20.27
20.29
20.31
20.34
20.36
20.38
20.4
20.42
20.44
20.46
20.49
20.51
20.53
20.55
20.57
20.59
20.61
20.63
20.66
20.68
20.7
20.72
20.74
20.76
20.78
20.81
20.83
20.85
20.87
20.89
20.91
20.93
20.95
20.98
21.0
21.02
21.04
21.06
21.08
21.1
21.12
21.14
21.17
21.19
21.21
21.23
21.25
21.27
21.29
21.31
21.34
21.36
21.38
21.4
21.42
21.44
21.46
21.49
21.51
21.53
21.55
21.57
21.59
21.61
21.63
21.66
21.68
21.7
21.72
21.74
21.76
21.78
21.81
21.83
21.85
21.87
21.89
21.91
21.93
21.95
21.98
22.0
22.02
22.04
22.06
22.08
22.1
22.12
22.14
22.17
22.19
22.21
22.23
22.25
22.27
22.29
22.31
22.34
22.36
22.38
22.4
22.42
22.44
22.46
22.49
22.51
22.53
22.55
22.57
22.59
22.61
22.63
22.66
22.68
22.7
22.72
22.74
22.76
22.78
22.81
22.83
22.85
22.87
22.89
22.91
22.93
22.95
22.98
23.0
23.02
23.04
23.06
23.08
23.1
23.12
23.14
23.17
23.19
23.21
23.23
23.25
23.27
23.29
23.31
23.34
23.36
23.38
23.4
23.42
23.44
23.46
23.49
23.51
23.53
23.55
23.57
23.59
23.61
23.63
23.66
23.68
23.7
23.72
23.74
23.76
23.78
23.81
23.83
23.85
23.87
23.89
23.91
23.93
23.95
23.98
24.0
24.02
24.04
24.06
24.08
24.1
24.12
24.14
24.17
24.19
24.21
24.23
24.25
24.27
24.29
24.31
24.34
24.36
24.38
24.4
24.42
24.44
24.46
24.49
24.51
24.53
24.55
24.57
24.59
24.61
24.63
24.66
24.68
24.7
24.72
24.74
24.76
24.78
24.81
24.83
24.85
24.87
24.89
24.91
24.93
24.95
24.98
25.0
25.02
25.04
25.06
25.08
25.1
25.12
25.14
25.17
25.19
25.21
25.23
25.25
25.27
25.29
25.31
25.34
25.36
25.38
25.4
25.42
25.44
25.46
25.49
25.51
25.53
25.55
25.57
25.59
25.61
25.63
25.66
25.68
25.7
25.72
25.74
25.76
25.78
25.81
25.83
25.85
25.87
25.89
25.91
25.93
25.95
25.98
26.0
26.02
26.04
26.06
26.08
26.1
26.12
26.14
26.17
26.19
26.21
26.23
26.25
26.27
26.29
26.31
26.34
26.36
26.38
26.4
26.42
26.44
26.46
26.49
26.51
26.53
26.55
26.57
26.59
26.61
26.63
26.66
26.68
26.7
26.72
26.74
26.76
26.78
26.81
26.83
26.85
26.87
26.89
26.91
26.93
26.95
26.98
27.0
27.02
27.04
27.06
27.08
27.1
27.12
27.14
27.17
27.19
27.21
27.23
27.25
27.27
27.29
27.31
27.34
27.36
27.38
27.4
27.42
27.44
27.46
27.49
27.51
27.53
27.55
27.57
27.59
27.61
27.63
27.66
27.68
27.7
27.72
27.74
27.76
27.78
27.81
27.83
27.85
27.87
27.89
27.91
27.93
27.95
27.98
28.0
28.02
28.04
28.06
28.08
28.1
28.12
28.14
28.17
28.19
28.21
28.23
28.25
28.27
28.29
28.31
28.34
28.36
28.38
28.4
28.42
28.44
28.46
28.49
28.51
28.53
28.55
28.57
28.59
28.61
28.63
28.66
28.68
28.7
28.72
28.74
28.76
28.78
28.81
28.83
28.85
28.87
28.89
28.91
28.93
28.95
28.98
29.0
29.02
29.04
29.06
29.08
29.1
29.12
29.14
29.17
29.19
29.21
29.23
29.25
29.27
29.29
29.31
29.34
29.36
29.38
29.4
29.42
29.44
29.46
29.49
29.51
29.53
29.55
29.57
29.59
29.61
29.63
29.66
29.68
29.7
29.72
29.74
29.76
29.78
29.81
29.83
29.85
29.87
29.89
29.91
29.93
29.95
29.98
30.0
30.02
30.04
30.06
30.08
30.1
30.12
30.14
30.17
30.19
30.21
30.23
30.25
30.27
30.29
30.31
30.34
30.36
30.38
30.4
30.42
30.44
30.46
30.49
30.51
30.53
30.55
30.57
30.59
30.61
30.63
30.66
30.68
30.7
30.72
30.74
30.76
30.78
30.81
30.83
30.85
30.87
30.89
30.91
30.93
30.95
30.98
31.0
31.02
31.04
31.06
31.08
31.1
31.12
31.14
31.17
31.19
31.21
31.23
31.25
31.27
31.29
31.31
31.34
31.36
31.38
31.4
31.42
31.44
31.46
31.49
31.51
31.53
31.55
31.57
31.59
31.61
31.63
31.66
31.68
31.7
31.72
31.74
31.76
31.78
31.81
31.83
31.85
31.87
31.89
31.91
31.93
31.95
31.98
32.0
32.02
32.04
32.06
32.08
32.1
32.12
32.14
32.17
32.19
32.21
32.23
32.25
32.27
32.29
32.31
32.34
32.36
32.38
32.4
32.42
32.44
32.46
32.49
32.51
32.53
32.55
32.57
32.59
32.61
32.63
32.66
32.68
32.7
32.72
32.74
32.76
32.78
32.81
32.83
32.85
32.87
32.89
32.91
32.93
32.95
32.98
33.0
33.02
33.04
33.06
33.08
33.1
33.12
33.14
33.17
33.19
33.21
33.23
33.25
33.27
33.29
33.31
33.34
33.36
33.38
33.4
33.42
33.44
33.46
33.49
33.51
33.53
33.55
33.57
33.59
33.61
33.63
33.66
33.68
33.7
33.72
33.74
33.76
33.78
33.81
33.83
33.85
33.87
33.89
33.91
33.93
33.95
33.98
34.0
34.02
34.04
34.06
34.08
34.1
34.12
34.14
34.17
34.19
34.21
34.23
34.25
34.27
34.29
34.31
34.34
34.36
34.38
34.4
34.42
34.44
34.46
34.49
34.51
34.53
34.55
34.57
34.59
34.61
34.63
34.66
34.68
34.7
34.72
34.74
34.76
34.78
34.81
34.83
34.85
34.87
34.89
34.91
34.93
34.95
34.98
35.0
35.02
35.04
35.06
35.08
35.1
35.12
35.14
35.17
35.19
35.21
35.23
35.25
35.27
35.29
35.31
35.34
35.36
35.38
35.4
35.42
35.44
35.46
35.49
35.51
35.53
35.55
35.57
35.59
35.61
35.63
35.66
35.68
35.7
35.72
35.74
35.76
35.78
35.81
35.83
35.85
35.87
35.89
35.91
35.93
35.95
35.98
36.0
36.02
36.04
36.06
36.08
36.1
36.12
36.14
36.17
36.19
36.21
36.23
36.25
36.27
36.29
36.31
36.34
36.36
36.38
36.4
36.42
36.44
36.46
36.49
36.51
36.53
36.55
36.57
36.59
36.61
36.63
36.66
36.68
36.7
36.72
36.74
36.76
36.78
36.81
36.83
36.85
36.87
36.89
36.91
36.93
36.95
36.98
37.0
37.02
37.04
37.06
37.08
37.1
37.12
37.14
37.17
37.19
37.21
37.23
37.25
37.27
37.29
37.31
37.34
37.36
37.38
37.4
37.42
37.44
37.46
37.49
37.51
37.53
37.55
37.57
37.59
37.61
37.63
37.66
37.68
37.7
37.72
37.74
37.76
37.78
37.81
37.83
37.85
37.87
37.89
37.91
37.93
37.95
37.98
38.0
38.02
38.04
38.06
38.08
38.1
38.12
38.14
38.17
38.19
38.21
38.23
38.25
38.27
38.29
38.31
38.34
38.36
38.38
38.4
38.42
38.44
38.46
38.49
38.51
38.53
38.55
38.57
38.59
38.61
38.63
38.66
38.68
38.7
38.72
38.74
38.76
38.78
38.81
38.83
38.85
38.87
38.89
38.91
38.93
38.95
38.98
39.0
39.02
39.04
39.06
39.08
39.1
39.12
39.14
39.17
39.19
39.21
39.23
39.25
39.27
39.29
39.31
39.34
39.36
39.38
39.4
39.42
39.44
39.46
39.49
39.51
39.53
39.55
39.57
39.59
39.61
39.63
39.66
39.68
39.7
39.72
39.74
39.76
39.78
39.81
39.83
39.85
39.87
39.89
39.91
39.93
39.95
39.98
40.0
40.02
40.04
40.06
40.08
40.1
40.12
40.14
40.17
40.19
40.21
40.23
40.25
40.27
40.29
40.31
40.34
40.36
40.38
40.4
40.42
40.44
40.46
40.49
40.51
40.53
40.55
40.57
40.59
40.61
40.63
40.66
40.68
40.7
40.72
40.74
40.76
40.78
40.81
40.83
40.85
40.87
40.89
40.91
40.93
40.95
40.98
41.0
41.02
41.04
41.06
41.08
41.1
41.12
41.14
41.17
41.19
41.21
41.23
41.25
41.27
41.29
41.31
41.34
41.36
41.38
41.4
41.42
41.44
41.46
41.49
41.51
41.53
41.55
41.57
41.59
41.61
41.63
41.66
41.68
41.7
41.72
41.74
41.76
41.78
41.81
41.83
41.85
41.87
41.89
41.91
41.93
41.95
41.98
42.0
42.02
42.04
42.06
42.08
42.1
42.12
42.14
42.17
42.19
42.21
42.23
42.25
42.27
42.29
42.31
42.34
42.36
42.38
42.4
42.42
42.44
42.46
42.49
42.51
42.53
42.55
42.57
42.59
42.61
42.63
42.66
42.68
42.7
42.72
42.74
42.76
42.78
42.81
42.83
42.85
42.87
42.89
42.91
42.93
42.95
42.98
43.0
43.02
43.04
43.06
43.08
43.1
43.12
43.14
43.17
43.19
43.21
43.23
43.25
43.27
43.29
43.31
43.34
43.36
43.38
43.4
43.42
43.44
43.46
43.49
43.51
43.53
43.55
43.57
43.59
43.61
43.63
43.66
43.68
43.7
43.72
43.74
43.76
43.78
43.81
43.83
43.85
43.87
43.89
43.91
43.93
43.95
43.98
44.0
44.02
44.04
44.06
44.08
44.1
44.12
44.14
44.17
44.19
44.21
44.23
44.25
44.27
44.29
44.31
44.34
44.36
44.38
44.4
44.42
44.44
44.46
44.49
44.51
44.53
44.55
44.57
44.59
44.61
44.63
44.66
44.68
44.7
44.72
44.74
44.76
44.78
44.81
44.83
44.85
44.87
44.89
44.91
44.93
44.95
44.98
45.0
45.02
45.04
45.06
45.08
45.1
45.12
45.14
45.17
45.19
45.21
45.23
45.25
45.27
45.29
45.31
45.34
45.36
45.38
45.4
45.42
45.44
45.46
45.49
45.51
45.53
45.55
45.57
45.59
45.61
45.63
45.66
45.68
45.7
45.72
45.74
45.76
45.78
45.81
45.83
45.85
45.87
45.89
45.91
45.93
45.95
45.98
46.0
46.02
46.04
46.06
46.08
46.1
46.12
46.14
46.17
46.19
46.21
46.23
46.25
46.27
46.29
46.31
46.34
46.36
46.38
46.4
46.42
46.44
46.46
46.49
46.51
46.53
46.55
46.57
46.59
46.61
46.63
46.66
46.68
46.7
46.72
46.74
46.76
46.78
46.81
46.83
46.85
46.87
46.89
46.91
46.93
46.95
46.98
47.0
47.02
47.04
47.06
47.08
47.1
47.12
47.14
47.17
47.19
47.21
47.23
47.25
47.27
47.29
47.31
47.34
47.36
47.38
47.4
47.42
47.44
47.46
47.49
47.51
47.53
47.55
47.57
47.59
47.61
47.63
47.66
47.68
47.7
47.72
47.74
47.76
47.78
47.81
47.83
47.85
47.87
47.89
47.91
47.93
47.95
47.98
48.0
48.02
48.04
48.06
48.08
48.1
48.12
48.14
48.17
48.19
48.21
48.23
48.25
48.27
48.29
48.31
48.34
48.36
48.38
48.4
48.42
48.44
48.46
48.49
48.51
48.53
48.55
48.57
48.59
48.61
48.63
48.66
48.68
48.7
48.72
48.74
48.76
48.78
48.81
48.83
48.85
48.87
48.89
48.91
48.93
48.95
48.98
49.0
49.02
49.04
49.06
49.08
49.1
49.12
49.14
49.17
49.19
49.21
49.23
49.25
49.27
49.29
49.31
49.34
49.36
49.38
49.4
49.42
49.44
49.46
49.49
49.51
49.53
49.55
49.57
49.59
49.61
49.63
49.66
49.68
49.7
49.72
49.74
49.76
49.78
49.81
49.83
49.85
49.87
49.89
49.91
49.93
49.95
49.98
50.0
50.02
50.04
50.06
50.08
50.1
50.12
50.14
50.17
50.19
50.21
50.23
50.25
50.27
50.29
50.31
50.34
50.36
50.38
50.4
50.42
50.44
50.46
50.49
50.51
50.53
50.55
50.57
50.59
50.61
50.63
50.66
50.68
50.7
50.72
50.74
50.76
50.78
50.81
50.83
50.85
50.87
50.89
50.91
50.93
50.95
50.98
51.0
51.02
51.04
51.06
51.08
51.1
51.12
51.14
51.17
51.19
51.21
51.23
51.25
51.27
51.29
51.31
51.34
51.36
51.38
51.4
51.42
51.44
51.46
51.49
51.51
51.53
51.55
51.57
51.59
51.61
51.63
51.66
51.68
51.7
51.72
51.74
51.76
51.78
51.81
51.83
51.85
51.87
51.89
51.91
51.93
51.95
51.98
52.0
52.02
52.04
52.06
52.08
52.1
52.12
52.14
52.17
52.19
52.21
52.23
52.25
52.27
52.29
52.31
52.34
52.36
52.38
52.4
52.42
52.44
52.46
52.49
52.51
52.53
52.55
52.57
52.59
52.61
52.63
52.66
52.68
52.7
52.72
52.74
52.76
52.78
52.81
52.83
52.85
52.87
52.89
52.91
52.93
52.95
52.98
53.0
53.02
53.04
53.06
53.08
53.1
53.12
53.14
53.17
53.19
53.21
53.23
53.25
53.27
53.29
53.31
53.34
53.36
53.38
53.4
53.42
53.44
53.46
53.49
53.51
53.53
53.55
53.57
53.59
53.61
53.63
53.66
53.68
53.7
53.72
53.74
53.76
53.78
53.81
53.83
53.85
53.87
53.89
53.91
53.93
53.95
53.98
54.0
54.02
54.04
54.06
54.08
54.1
54.12
54.14
54.17
54.19
54.21
54.23
54.25
54.27
54.29
54.31
54.34
54.36
54.38
54.4
54.42
54.44
54.46
54.49
54.51
54.53
54.55
54.57
54.59
54.61
54.63
54.66
54.68
54.7
54.72
54.74
54.76
54.78
54.81
54.83
54.85
54.87
54.89
54.91
54.93
54.95
54.98
55.0
55.02
55.04
55.06
55.08
55.1
55.12
55.14
55.17
55.19
55.21
55.23
55.25
55.27
55.29
55.31
55.34
55.36
55.38
55.4
55.42
55.44
55.46
55.49
55.51
55.53
55.55
55.57
55.59
55.61
55.63
55.66
55.68
55.7
55.72
55.74
55.76
55.78
55.81
55.83
55.85
55.87
55.89
55.91
55.93
55.95
55.98
56.0
56.02
56.04
56.06
56.08
56.1
56.12
56.14
56.17
56.19
56.21
56.23
56.25
56.27
56.29
56.31
56.34
56.36
56.38
56.4
56.42
56.44
56.46
56.49
56.51
56.53
56.55
56.57
56.59
56.61
56.63
56.66
56.68
56.7
56.72
56.74
56.76
56.78
56.81
56.83
56.85
56.87
56.89
56.91
56.93
56.95
56.98
57.0
57.02
57.04
57.06
57.08
57.1
57.12
57.14
57.17
57.19
57.21
57.23
57.25
57.27
57.29
57.31
57.34
57.36
57.38
57.4
57.42
57.44
57.46
57.49
57.51
57.53
57.55
57.57
57.59
57.61
57.63
57.66
57.68
57.7
57.72
57.74
57.76
57.78
57.81
57.83
57.85
57.87
57.89
57.91
57.93
57.95
57.98
58.0
58.02
58.04
58.06
58.08
58.1
58.12
58.14
58.17
58.19
58.21
58.23
58.25
58.27
58.29
58.31
58.34
58.36
58.38
58.4
58.42
58.44
58.46
58.49
58.51
58.53
58.55
58.57
58.59
58.61
58.63
58.66
58.68
58.7
58.72
58.74
58.76
58.78
58.81
58.83
58.85
58.87
58.89
58.91
58.93
58.95
58.98
59.0
59.02
59.04
59.06
59.08
59.1
59.12
59.14
59.17
59.19
59.21
59.23
59.25
59.27
59.29
59.31
59.34
59.36
59.38
59.4
59.42
59.44
59.46
59.49
59.51
59.53
59.55
59.57
59.59
59.61
59.63
59.66
59.68
59.7
59.72
59.74
59.76
59.78
59.81
59.83
59.85
59.87
59.89
59.91
59.93
59.95
59.98
60.0
60.02
60.04
60.06
60.08
60.1
60.12
60.14
60.17
60.19
60.21
60.23
60.25
60.27
60.29
60.31
60.34
60.36
60.38
60.4
60.42
60.44
60.46
60.49
60.51
60.53
60.55
60.57
60.59
60.61
60.63
60.66
60.68
60.7
60.72
60.74
60.76
60.78
60.81
60.83
60.85
60.87
60.89
60.91
60.93
60.95
60.98
61.0
61.02
61.04
61.06
61.08
61.1
61.12
61.14
61.17
61.19
61.21
61.23
61.25
61.27
61.29
61.31
61.34
61.36
61.38
61.4
61.42
61.44
61.46
61.49
61.51
61.53
61.55
61.57
61.59
61.61
61.63
61.66
61.68
61.7
61.72
61.74
61.76
61.78
61.81
61.83
61.85
61.87
61.89
61.91
61.93
61.95
61.98
62.0
62.02
62.04
62.06
62.08
62.1
62.12
62.14
62.17
62.19
62.21
62.23
62.25
62.27
62.29
62.31
62.34
62.36
62.38
62.4
62.42
62.44
62.46
62.49
62.51
62.53
62.55
62.57
62.59
62.61
62.63
62.66
62.68
62.7
62.72
62.74
62.76
62.78
62.81
62.83
62.85
62.87
62.89
62.91
62.93
62.95
62.98
63.0
63.02
63.04
63.06
63.08
63.1
63.12
63.14
63.17
63.19
63.21
63.23
63.25
63.27
63.29
63.31
63.34
63.36
63.38
63.4
63.42
63.44
63.46
63.49
63.51
63.53
63.55
63.57
63.59
63.61
63.63
63.66
63.68
63.7
63.72
63.74
63.76
63.78
63.81
63.83
63.85
63.87
63.89
63.91
63.93
63.95
63.98
64.0
64.02
64.04
64.06
64.08
64.1
64.12
64.14
64.17
64.19
64.21
64.23
64.25
64.27
64.29
64.31
64.34
64.36
64.38
64.4
64.42
64.44
64.46
64.49
64.51
64.53
64.55
64.57
64.59
64.61
64.63
64.66
64.68
64.7
64.72
64.74
64.76
64.78
64.81
64.83
64.85
64.87
64.89
64.91
64.93
64.95
64.98
65.0
65.02
65.04
65.06
65.08
65.1
65.12
65.14
65.17
65.19
65.21
65.23
65.25
65.27
65.29
65.31
65.34
65.36
65.38
65.4
65.42
65.44
65.46
65.49
65.51
65.53
65.55
65.57
65.59
65.61
65.63
65.66
65.68
65.7
65.72
65.74
65.76
65.78
65.81
65.83
65.85
65.87
65.89
65.91
65.93
65.95
65.98
66.0
66.02
66.04
66.06
66.08
66.1
66.12
66.14
66.17
66.19
66.21
66.23
66.25
66.27
66.29
66.31
66.34
66.36
66.38
66.4
66.42
66.44
66.46
66.49
66.51
66.53
66.55
66.57
66.59
66.61
66.63
66.66
66.68
66.7
66.72
66.74
66.76
66.78
66.81
66.83
66.85
66.87
66.89
66.91
66.93
66.95
66.98
67.0
67.02
67.04
67.06
67.08
67.1
67.12
67.14
67.17
67.19
67.21
67.23
67.25
67.27
67.29
67.31
67.34
67.36
67.38
67.4
67.42
67.44
67.46
67.49
67.51
67.53
67.55
67.57
67.59
67.61
67.63
67.66
67.68
67.7
67.72
67.74
67.76
67.78
67.81
67.83
67.85
67.87
67.89
67.91
67.93
67.95
67.98
68.0
68.02
68.04
68.06
68.08
68.1
68.12
68.14
68.17
68.19
68.21
68.23
68.25
68.27
68.29
68.31
68.34
68.36
68.38
68.4
68.42
68.44
68.46
68.49
68.51
68.53
68.55
68.57
68.59
68.61
68.63
68.66
68.68
68.7
68.72
68.74
68.76
68.78
68.81
68.83
68.85
68.87
68.89
68.91
68.93
68.95
68.98
69.0
69.02
69.04
69.06
69.08
69.1
69.12
69.14
69.17
69.19
69.21
69.23
69.25
69.27
69.29
69.31
69.34
69.36
69.38
69.4
69.42
69.44
69.46
69.49
69.51
69.53
69.55
69.57
69.59
69.61
69.63
69.66
69.68
69.7
69.72
69.74
69.76
69.78
69.81
69.83
69.85
69.87
69.89
69.91
69.93
69.95
69.98
70.0
70.02
70.04
70.06
70.08
70.1
70.12
70.14
70.17
70.19
70.21
70.23
70.25
70.27
70.29
70.31
70.34
70.36
70.38
70.4
70.42
70.44
70.46
70.49
70.51
70.53
70.55
70.57
70.59
70.61
70.63
70.66
70.68
70.7
70.72
70.74
70.76
70.78
70.81
70.83
70.85
70.87
70.89
70.91
70.93
70.95
70.98
71.0
71.02
71.04
71.06
71.08
71.1
71.12
71.14
71.17
71.19
71.21
71.23
71.25
71.27
71.29
71.31
71.34
71.36
71.38
71.4
71.42
71.44
71.46
71.49
71.51
71.53
71.55
71.57
71.59
71.61
71.63
71.66
71.68
71.7
71.72
71.74
71.76
71.78
71.81
71.83
71.85
71.87
71.89
71.91
71.93
71.95
71.98
72.0
72.02
72.04
72.06
72.08
72.1
72.12
72.14
72.17
72.19
72.21
72.23
72.25
72.27
72.29
72.31
72.34
72.36
72.38
72.4
72.42
72.44
72.46
72.49
72.51
72.53
72.55
72.57
72.59
72.61
72.63
72.66
72.68
72.7
72.72
72.74
72.76
72.78
72.81
72.83
72.85
72.87
72.89
72.91
72.93
72.95
72.98
73.0
73.02
73.04
73.06
73.08
73.1
73.12
73.14
73.17
73.19
73.21
73.23
73.25
73.27
73.29
73.31
73.34
73.36
73.38
73.4
73.42
73.44
73.46
73.49
73.51
73.53
73.55
73.57
73.59
73.61
73.63
73.66
73.68
73.7
73.72
73.74
73.76
73.78
73.81
73.83
73.85
73.87
73.89
73.91
73.93
73.95
73.98
74.0
74.02
74.04
74.06
74.08
74.1
74.12
74.14
74.17
74.19
74.21
74.23
74.25
74.27
74.29
74.31
74.34
74.36
74.38
74.4
74.42
74.44
74.46
74.49
74.51
74.53
74.55
74.57
74.59
74.61
74.63
74.66
74.68
74.7
74.72
74.74
74.76
74.78
74.81
74.83
74.85
74.87
74.89
74.91
74.93
74.95
74.98
75.0
75.02
75.04
75.06
75.08
75.1
75.12
75.14
75.17
75.19
75.21
75.23
75.25
75.27
75.29
75.31
75.34
75.36
75.38
75.4
75.42
75.44
75.46
75.49
75.51
75.53
75.55
75.57
75.59
75.61
75.63
75.66
75.68
75.7
75.72
75.74
75.76
75.78
75.81
75.83
75.85
75.87
75.89
75.91
75.93
75.95
75.98
76.0
76.02
76.04
76.06
76.08
76.1
76.12
76.14
76.17
76.19
76.21
76.23
76.25
76.27
76.29
76.31
76.34
76.36
76.38
76.4
76.42
76.44
76.46
76.49
76.51
76.53
76.55
76.57
76.59
76.61
76.63
76.66
76.68
76.7
76.72
76.74
76.76
76.78
76.81
76.83
76.85
76.87
76.89
76.91
76.93
76.95
76.98
77.0
77.02
77.04
77.06
77.08
77.1
77.12
77.14
77.17
77.19
77.21
77.23
77.25
77.27
77.29
77.31
77.34
77.36
77.38
77.4
77.42
77.44
77.46
77.49
77.51
77.53
77.55
77.57
77.59
77.61
77.63
77.66
77.68
77.7
77.72
77.74
77.76
77.78
77.81
77.83
77.85
77.87
77.89
77.91
77.93
77.95
77.98
78.0
78.02
78.04
78.06
78.08
78.1
78.12
78.14
78.17
78.19
78.21
78.23
78.25
78.27
78.29
78.31
78.34
78.36
78.38
78.4
78.42
78.44
78.46
78.49
78.51
78.53
78.55
78.57
78.59
78.61
78.63
78.66
78.68
78.7
78.72
78.74
78.76
78.78
78.81
78.83
78.85
78.87
78.89
78.91
78.93
78.95
78.98
79.0
79.02
79.04
79.06
79.08
79.1
79.12
79.14
79.17
79.19
79.21
79.23
79.25
79.27
79.29
79.31
79.34
79.36
79.38
79.4
79.42
79.44
79.46
79.49
79.51
79.53
79.55
79.57
79.59
79.61
79.63
79.66
79.68
79.7
79.72
79.74
79.76
79.78
79.81
79.83
79.85
79.87
79.89
79.91
79.93
79.95
79.98
80.0
80.02
80.04
80.06
80.08
80.1
80.12
80.14
80.17
80.19
80.21
80.23
80.25
80.27
80.29
80.31
80.34
80.36
80.38
80.4
80.42
80.44
80.46
80.49
80.51
80.53
80.55
80.57
80.59
80.61
80.63
80.66
80.68
80.7
80.72
80.74
80.76
80.78
80.81
80.83
80.85
80.87
80.89
80.91
80.93
80.95
80.98
81.0
81.02
81.04
81.06
81.08
81.1
81.12
81.14
81.17
81.19
81.21
81.23
81.25
81.27
81.29
81.31
81.34
81.36
81.38
81.4
81.42
81.44
81.46
81.49
81.51
81.53
81.55
81.57
81.59
81.61
81.63
81.66
81.68
81.7
81.72
81.74
81.76
81.78
81.81
81.83
81.85
81.87
81.89
81.91
81.93
81.95
81.98
82.0
82.02
82.04
82.06
82.08
82.1
82.12
82.14
82.17
82.19
82.21
82.23
82.25
82.27
82.29
82.31
82.34
82.36
82.38
82.4
82.42
82.44
82.46
82.49
82.51
82.53
82.55
82.57
82.59
82.61
82.63
82.66
82.68
82.7
82.72
82.74
82.76
82.78
82.81
82.83
82.85
82.87
82.89
82.91
82.93
82.95
82.98
83.0
83.02
83.04
83.06
83.08
83.1
83.12
83.14
83.17
83.19
83.21
83.23
83.25
83.27
83.29
83.31
83.34
83.36
83.38
83.4
83.42
83.44
83.46
83.49
83.51
83.53
83.55
83.57
83.59
83.61
83.63
83.66
83.68
83.7
83.72
83.74
83.76
83.78
83.81
83.83
83.85
83.87
83.89
83.91
83.93
83.95
83.98
84.0
84.02
84.04
84.06
84.08
84.1
84.12
84.14
84.17
84.19
84.21
84.23
84.25
84.27
84.29
84.31
84.34
84.36
84.38
84.4
84.42
84.44
84.46
84.49
84.51
84.53
84.55
84.57
84.59
84.61
84.63
84.66
84.68
84.7
84.72
84.74
84.76
84.78
84.81
84.83
84.85
84.87
84.89
84.91
84.93
84.95
84.98
85.0
85.02
85.04
85.06
85.08
85.1
85.12
85.14
85.17
85.19
85.21
85.23
85.25
85.27
85.29
85.31
85.34
85.36
85.38
85.4
85.42
85.44
85.46
85.49
85.51
85.53
85.55
85.57
85.59
85.61
85.63
85.66
85.68
85.7
85.72
85.74
85.76
85.78
85.81
85.83
85.85
85.87
85.89
85.91
85.93
85.95
85.98
86.0
86.02
86.04
86.06
86.08
86.1
86.12
86.14
86.17
86.19
86.21
86.23
86.25
86.27
86.29
86.31
86.34
86.36
86.38
86.4
86.42
86.44
86.46
86.49
86.51
86.53
86.55
86.57
86.59
86.61
86.63
86.66
86.68
86.7
86.72
86.74
86.76
86.78
86.81
86.83
86.85
86.87
86.89
86.91
86.93
86.95
86.98
87.0
87.02
87.04
87.06
87.08
87.1
87.12
87.14
87.17
87.19
87.21
87.23
87.25
87.27
87.29
87.31
87.34
87.36
87.38
87.4
87.42
87.44
87.46
87.49
87.51
87.53
87.55
87.57
87.59
87.61
87.63
87.66
87.68
87.7
87.72
87.74
87.76
87.78
87.81
87.83
87.85
87.87
87.89
87.91
87.93
87.95
87.98
88.0
88.02
88.04
88.06
88.08
88.1
88.12
88.14
88.17
88.19
88.21
88.23
88.25
88.27
88.29
88.31
88.34
88.36
88.38
88.4
88.42
88.44
88.46
88.49
88.51
88.53
88.55
88.57
88.59
88.61
88.63
88.66
88.68
88.7
88.72
88.74
88.76
88.78
88.81
88.83
88.85
88.87
88.89
88.91
88.93
88.95
88.98
89.0
89.02
89.04
89.06
89.08
89.1
89.12
89.14
89.17
89.19
89.21
89.23
89.25
89.27
89.29
89.31
89.34
89.36
89.38
89.4
89.42
89.44
89.46
89.49
89.51
89.53
89.55
89.57
89.59
89.61
89.63
89.66
89.68
89.7
89.72
89.74
89.76
89.78
89.81
89.83
89.85
89.87
89.89
89.91
89.93
89.95
89.98
90.0
90.02
90.04
90.06
90.08
90.1
90.12
90.14
90.17
90.19
90.21
90.23
90.25
90.27
90.29
90.31
90.34
90.36
90.38
90.4
90.42
90.44
90.46
90.49
90.51
90.53
90.55
90.57
90.59
90.61
90.63
90.66
90.68
90.7
90.72
90.74
90.76
90.78
90.81
90.83
90.85
90.87
90.89
90.91
90.93
90.95
90.98
91.0
91.02
91.04
91.06
91.08
91.1
91.12
91.14
91.17
91.19
91.21
91.23
91.25
91.27
91.29
91.31
91.34
91.36
91.38
91.4
91.42
91.44
91.46
91.49
91.51
91.53
91.55
91.57
91.59
91.61
91.63
91.66
91.68
91.7
91.72
91.74
91.76
91.78
91.81
91.83
91.85
91.87
91.89
91.91
91.93
91.95
91.98
92.0
92.02
92.04
92.06
92.08
92.1
92.12
92.14
92.17
92.19
92.21
92.23
92.25
92.27
92.29
92.31
92.34
92.36
92.38
92.4
92.42
92.44
92.46
92.49
92.51
92.53
92.55
92.57
92.59
92.61
92.63
92.66
92.68
92.7
92.72
92.74
92.76
92.78
92.81
92.83
92.85
92.87
92.89
92.91
92.93
92.95
92.98
93.0
93.02
93.04
93.06
93.08
93.1
93.12
93.14
93.17
93.19
93.21
93.23
93.25
93.27
93.29
93.31
93.34
93.36
93.38
93.4
93.42
93.44
93.46
93.49
93.51
93.53
93.55
93.57
93.59
93.61
93.63
93.66
93.68
93.7
93.72
93.74
93.76
93.78
93.81
93.83
93.85
93.87
93.89
93.91
93.93
93.95
93.98
94.0
94.02
94.04
94.06
94.08
94.1
94.12
94.14
94.17
94.19
94.21
94.23
94.25
94.27
94.29
94.31
94.34
94.36
94.38
94.4
94.42
94.44
94.46
94.49
94.51
94.53
94.55
94.57
94.59
94.61
94.63
94.66
94.68
94.7
94.72
94.74
94.76
94.78
94.81
94.83
94.85
94.87
94.89
94.91
94.93
94.95
94.98
95.0
95.02
95.04
95.06
95.08
95.1
95.12
95.14
95.17
95.19
95.21
95.23
95.25
95.27
95.29
95.31
95.34
95.36
95.38
95.4
95.42
95.44
95.46
95.49
95.51
95.53
95.55
95.57
95.59
95.61
95.63
95.66
95.68
95.7
95.72
95.74
95.76
95.78
95.81
95.83
95.85
95.87
95.89
95.91
95.93
95.95
95.98
96.0
96.02
96.04
96.06
96.08
96.1
96.12
96.14
96.17
96.19
96.21
96.23
96.25
96.27
96.29
96.31
96.34
96.36
96.38
96.4
96.42
96.44
96.46
96.49
96.51
96.53
96.55
96.57
96.59
96.61
96.63
96.66
96.68
96.7
96.72
96.74
96.76
96.78
96.81
96.83
96.85
96.87
96.89
96.91
96.93
96.95
96.98
97.0
97.02
97.04
97.06
97.08
97.1
97.12
97.14
97.17
97.19
97.21
97.23
97.25
97.27
97.29
97.31
97.34
97.36
97.38
97.4
97.42
97.44
97.46
97.49
97.51
97.53
97.55
97.57
97.59
97.61
97.63
97.66
97.68
97.7
97.72
97.74
97.76
97.78
97.81
97.83
97.85
97.87
97.89
97.91
97.93
97.95
97.98
98.0
98.02
98.04
98.06
98.08
98.1
98.12
98.14
98.17
98.19
98.21
98.23
98.25
98.27
98.29
98.31
98.34
98.36
98.38
98.4
98.42
98.44
98.46
98.49
98.51
98.53
98.55
98.57
98.59
98.61
98.63
98.66
98.68
98.7
98.72
98.74
98.76
98.78
98.81
98.83
98.85
98.87
98.89
98.91
98.93
98.95
98.98
99.0
99.02
99.04
99.06
99.08
99.1
99.12
99.14
99.17
99.19
99.21
99.23
99.25
99.27
99.29
99.31
99.34
99.36
99.38
99.4
99.42
99.44
99.46
99.49
99.51
99.53
99.55
99.57
99.59
99.61
99.63
99.66
99.68
99.7
99.72
99.74
99.76
99.78
99.81
99.83
99.85
99.87
99.89
99.91
99.93
99.95
99.98
100.0
100.02
100.04
100.06
100.08
100.1
100.12
100.14
100.17
100.19
100.21
100.23
100.25
100.27
100.29
100.31
100.34
100.36
100.38
100.4
100.42
100.44
100.46
100.49
100.51
100.53
100.55
100.57
100.59
100.61
100.63
100.66
100.68
100.7
100.72
100.74
100.76
100.78
100.81
100.83
100.85
100.87
100.89
100.91
100.93
100.95
100.98
101.0
101.02
101.04
101.06
101.08
101.1
101.12
101.14
101.17
101.19
101.21
101.23
101.25
101.27
101.29
101.31
101.34
101.36
101.38
101.4
101.42
101.44
101.46
101.49
101.51
101.53
101.55
101.57
101.59
101.61
101.63
101.66
101.68
101.7
101.72
101.74
101.76
101.78
101.81
101.83
101.85
101.87
101.89
101.91
101.93
101.95
101.98
102.0
102.02
102.04
102.06
102.08
102.1
102.12
102.14
102.17
102.19
102.21
102.23
102.25
102.27
102.29
102.31
102.34
102.36
102.38
102.4
102.42
102.44
102.46
102.49
102.51
102.53
102.55
102.57
102.59
102.61
102.63
102.66
102.68
102.7
102.72
102.74
102.76
102.78
102.81
102.83
102.85
102.87
102.89
102.91
102.93
102.95
102.98
103.0
103.02
103.04
103.06
103.08
103.1
103.12
103.14
103.17
103.19
103.21
103.23
103.25
103.27
103.29
103.31
103.34
103.36
103.38
103.4
103.42
103.44
103.46
103.49
103.51
103.53
103.55
103.57
103.59
103.61
103.63
103.66
103.68
103.7
103.72
103.74
103.76
103.78
103.81
103.83
103.85
103.87
103.89
103.91
103.93
103.95
103.98
104.0
104.02
104.04
104.06
104.08
104.1
104.12
104.14
104.17
104.19
104.21
104.23
104.25
104.27
104.29
104.31
104.34
104.36
104.38
104.4
104.42
104.44
104.46
104.49
104.51
104.53
104.55
104.57
104.59
104.61
104.63
104.66
104.68
104.7
104.72
104.74
104.76
104.78
104.81
104.83
104.85
104.87
104.89
104.91
104.93
104.95
104.98
105.0
105.02
105.04
105.06
105.08
105.1
105.12
105.14
105.17
105.19
105.21
105.23
105.25
105.27
105.29
105.31
105.34
105.36
105.38
105.4
105.42
105.44
105.46
105.49
105.51
105.53
105.55
105.57
105.59
105.61
105.63
105.66
105.68
105.7
105.72
105.74
105.76
105.78
105.81
105.83
105.85
105.87
105.89
105.91
105.93
105.95
105.98
106.0
106.02
106.04
106.06
106.08
106.1
106.12
106.14
106.17
106.19
106.21
106.23
106.25
106.27
106.29
106.31
106.34
106.36
106.38
106.4
106.42
106.44
106.46
106.49
106.51
106.53
106.55
106.57
106.59
106.61
106.63
106.66
106.68
106.7
106.72
106.74
106.76
106.78
106.81
106.83
106.85
106.87
106.89
106.91
106.93
106.95
106.98
107.0
107.02
107.04
107.06
107.08
107.1
107.12
107.14
107.17
107.19
107.21
107.23
107.25
107.27
107.29
107.31
107.34
107.36
107.38
107.4
107.42
107.44
107.46
107.49
107.51
107.53
107.55
107.57
107.59
107.61
107.63
107.66
107.68
107.7
107.72
107.74
107.76
107.78
107.81
107.83
107.85
107.87
107.89
107.91
107.93
107.95
107.98
108.0
108.02
108.04
108.06
108.08
108.1
108.12
108.14
108.17
108.19
108.21
108.23
108.25
108.27
108.29
108.31
108.34
108.36
108.38
108.4
108.42
108.44
108.46
108.49
108.51
108.53
108.55
108.57
108.59
108.61
108.63
108.66
108.68
108.7
108.72
108.74
108.76
108.78
108.81
108.83
108.85
108.87
108.89
108.91
108.93
108.95
108.98
109.0
109.02
109.04
109.06
109.08
109.1
109.12
109.14
109.17
109.19
109.21
109.23
109.25
109.27
109.29
109.31
109.34
109.36
109.38
109.4
109.42
109.44
109.46
109.49
109.51
109.53
109.55
109.57
109.59
109.61
109.63
109.66
109.68
109.7
109.72
109.74
109.76
109.78
109.81
109.83
109.85
109.87
109.89
109.91
109.93
109.95
109.98
110.0
110.02
110.04
110.06
110.08
110.1
110.12
110.14
110.17
110.19
110.21
110.23
110.25
110.27
110.29
110.31
110.34
110.36
110.38
110.4
110.42
110.44
110.46
110.49
110.51
110.53
110.55
110.57
110.59
110.61
110.63
110.66
110.68
110.7
110.72
110.74
110.76
110.78
110.81
110.83
110.85
110.87
110.89
110.91
110.93
110.95
110.98
111.0
111.02
111.04
111.06
111.08
111.1
111.12
111.14
111.17
111.19
111.21
111.23
111.25
111.27
111.29
111.31
111.34
111.36
111.38
111.4
111.42
111.44
111.46
111.49
111.51
111.53
111.55
111.57
111.59
111.61
111.63
111.66
111.68
111.7
111.72
111.74
111.76
111.78
111.81
111.83
111.85
111.87
111.89
111.91
111.93
111.95
111.98
112.0
112.02
112.04
112.06
112.08
112.1
112.12
112.14
112.17
112.19
112.21
112.23
112.25
112.27
112.29
112.31
112.34
112.36
112.38
112.4
112.42
112.44
112.46
112.49
112.51
112.53
112.55
112.57
112.59
112.61
112.63
112.66
112.68
112.7
112.72
112.74
112.76
112.78
112.81
112.83
112.85
112.87
112.89
112.91
112.93
112.95
112.98
113.0
113.02
113.04
113.06
113.08
113.1
113.12
113.14
113.17
113.19
113.21
113.23
113.25
113.27
113.29
113.31
113.34
113.36
113.38
113.4
113.42
113.44
113.46
113.49
113.51
113.53
113.55
113.57
113.59
113.61
113.63
113.66
113.68
113.7
113.72
113.74
113.76
113.78
113.81
113.83
113.85
113.87
113.89
113.91
113.93
113.95
113.98
114.0
114.02
114.04
114.06
114.08
114.1
114.12
114.14
114.17
114.19
114.21
114.23
114.25
114.27
114.29
114.31
114.34
114.36
114.38
114.4
114.42
114.44
114.46
114.49
114.51
114.53
114.55
114.57
114.59
114.61
114.63
114.66
114.68
114.7
114.72
114.74
114.76
114.78
114.81
114.83
114.85
114.87
114.89
114.91
114.93
114.95
114.98
115.0
115.02
115.04
115.06
115.08
115.1
115.12
115.14
115.17
115.19
115.21
115.23
115.25
115.27
115.29
115.31
115.34
115.36
115.38
115.4
115.42
115.44
115.46
115.49
115.51
115.53
115.55
115.57
115.59
115.61
115.63
115.66
115.68
115.7
115.72
115.74
115.76
115.78
115.81
115.83
115.85
115.87
115.89
115.91
115.93
115.95
115.98
116.0
116.02
116.04
116.06
116.08
116.1
116.12
116.14
116.17
116.19
116.21
116.23
116.25
116.27
116.29
116.31
116.34
116.36
116.38
116.4
116.42
116.44
116.46
116.49
116.51
116.53
116.55
116.57
116.59
116.61
116.63
116.66
116.68
116.7
116.72
116.74
116.76
116.78
116.81
116.83
116.85
116.87
116.89
116.91
116.93
116.95
116.98
117.0
117.02
117.04
117.06
117.08
117.1
117.12
117.14
117.17
117.19
117.21
117.23
117.25
117.27
117.29
117.31
117.34
117.36
117.38
117.4
117.42
117.44
117.46
117.49
117.51
117.53
117.55
117.57
117.59
117.61
117.63
117.66
117.68
117.7
117.72
117.74
117.76
117.78
117.81
117.83
117.85
117.87
117.89
117.91
117.93
117.95
117.98
118.0
118.02
118.04
118.06
118.08
118.1
118.12
118.14
118.17
118.19
118.21
118.23
118.25
118.27
118.29
118.31
118.34
118.36
118.38
118.4
118.42
118.44
118.46
118.49
118.51
118.53
118.55
118.57
118.59
118.61
118.63
118.66
118.68
118.7
118.72
118.74
118.76
118.78
118.81
118.83
118.85
118.87
118.89
118.91
118.93
118.95
118.98
119.0
119.02
119.04
119.06
119.08
119.1
119.12
119.14
119.17
119.19
119.21
119.23
119.25
119.27
119.29
119.31
119.34
119.36
119.38
119.4
119.42
119.44
119.46
119.49
119.51
119.53
119.55
119.57
119.59
119.61
119.63
119.66
119.68
119.7
119.72
119.74
119.76
119.78
119.81
119.83
119.85
119.87
119.89
119.91
119.93
119.95
119.98
120.0
120.02
120.04
120.06
120.08
120.1
120.12
120.14
120.17
120.19
120.21
120.23
120.25
120.27
120.29
120.31
120.34
120.36
120.38
120.4
120.42
120.44
120.46
120.49
120.51
120.53
120.55
120.57
120.59
120.61
120.63
120.66
120.68
120.7
120.72
120.74
120.76
120.78
120.81
120.83
120.85
120.87
120.89
120.91
120.93
120.95
120.98
121.0
121.02
121.04
121.06
121.08
121.1
121.12
121.14
121.17
121.19
121.21
121.23
121.25
121.27
121.29
121.31
121.34
121.36
121.38
121.4
121.42
121.44
121.46
121.49
121.51
121.53
121.55
121.57
121.59
121.61
121.63
121.66
121.68
121.7
121.72
121.74
121.76
121.78
121.81
121.83
121.85
121.87
121.89
121.91
121.93
121.95
121.98
122.0
122.02
122.04
122.06
122.08
122.1
122.12
122.14
122.17
122.19
122.21
122.23
122.25
122.27
122.29
122.31
122.34
122.36
122.38
122.4
122.42
122.44
122.46
122.49
122.51
122.53
122.55
122.57
122.59
122.61
122.63
122.66
122.68
122.7
122.72
122.74
122.76
122.78
122.81
122.83
122.85
122.87
122.89
122.91
122.93
122.95
122.98
123.0
123.02
123.04
123.06
123.08
123.1
123.12
123.14
123.17
123.19
123.21
123.23
123.25
123.27
123.29
123.31
123.34
123.36
123.38
123.4
123.42
123.44
123.46
123.49
123.51
123.53
123.55
123.57
123.59
123.61
123.63
123.66
123.68
123.7
123.72
123.74
123.76
123.78
123.81
123.83
123.85
123.87
123.89
123.91
123.93
123.95
123.98
124.0
124.02
124.04
124.06
124.08
124.1
124.12
124.14
124.17
124.19
124.21
124.23
124.25
124.27
124.29
124.31
124.34
124.36
124.38
124.4
124.42
124.44
124.46
124.49
124.51
124.53
124.55
124.57
124.59
124.61
124.63
124.66
124.68
124.7
124.72
124.74
124.76
124.78
124.81
124.83
124.85
124.87
124.89
124.91
124.93
124.95
124.98
125.0
125.02
125.04
125.06
125.08
125.1
125.12
125.14
125.17
125.19
125.21
125.23
125.25
125.27
125.29
125.31
125.34
125.36
125.38
125.4
125.42
125.44
125.46
125.49
125.51
125.53
125.55
125.57
125.59
125.61
125.63
125.66
125.68
125.7
125.72
125.74
125.76
125.78
125.81
125.83
125.85
125.87
125.89
125.91
125.93
125.95
125.98
126.0
126.02
126.04
126.06
126.08
126.1
126.12
126.14
126.17
126.19
126.21
126.23
126.25
126.27
126.29
126.31
126.34
126.36
126.38
126.4
126.42
126.44
126.46
126.49
126.51
126.53
126.55
126.57
126.59
126.61
126.63
126.66
126.68
126.7
126.72
126.74
126.76
126.78
126.81
126.83
126.85
126.87
126.89
126.91
126.93
126.95
126.98
127.0
127.02
127.04
127.06
127.08
127.1
127.12
127.14
127.17
127.19
127.21
127.23
127.25
127.27
127.29
127.31
127.34
127.36
127.38
127.4
127.42
127.44
127.46
127.49
127.51
127.53
127.55
127.57
127.59
127.61
127.63
127.66
127.68
127.7
127.72
127.74
127.76
127.78
127.81
127.83
127.85
127.87
127.89
127.91
127.93
127.95
127.98
128.0
128.02
128.04
128.06
128.08
128.1
128.12
128.14
128.17
128.19
128.21
128.23
128.25
128.27
128.29
128.31
128.34
128.36
128.38
128.4
128.42
128.44
128.46
128.49
128.51
128.53
128.55
128.57
128.59
128.61
128.63
128.66
128.68
128.7
128.72
128.74
128.76
128.78
128.81
128.83
128.85
128.87
128.89
128.91
128.93
128.95
128.98
129.0
129.02
129.04
129.06
129.08
129.1
129.12
129.14
129.17
129.19
129.21
129.23
129.25
129.27
129.29
129.31
129.34
129.36
129.38
129.4
129.42
129.44
129.46
129.49
129.51
129.53
129.55
129.57
129.59
129.61
129.63
129.66
129.68
129.7
129.72
129.74
129.76
129.78
129.81
129.83
129.85
129.87
129.89
129.91
129.93
129.95
129.98
130.0
130.02
130.04
130.06
130.08
130.1
130.12
130.14
130.17
130.19
130.21
130.23
130.25
130.27
130.29
130.31
130.34
130.36
130.38
130.4
130.42
130.44
130.46
130.49
130.51
130.53
130.55
130.57
130.59
130.61
130.63
130.66
130.68
130.7
130.72
130.74
130.76
130.78
130.81
130.83
130.85
130.87
130.89
130.91
130.93
130.95
130.98
131.0
131.02
131.04
131.06
131.08
131.1
131.12
131.14
131.17
131.19
131.21
131.23
131.25
131.27
131.29
131.31
131.34
131.36
131.38
131.4
131.42
131.44
131.46
131.49
131.51
131.53
131.55
131.57
131.59
131.61
131.63
131.66
131.68
131.7
131.72
131.74
131.76
131.78
131.81
131.83
131.85
131.87
131.89
131.91
131.93
131.95
131.98
132.0
132.02
132.04
132.06
132.08
132.1
132.12
132.14
132.17
132.19
132.21
132.23
132.25
132.27
132.29
132.31
132.34
132.36
132.38
132.4
132.42
132.44
132.46
132.49
132.51
132.53
132.55
132.57
132.59
132.61
132.63
132.66
132.68
132.7
132.72
132.74
132.76
132.78
132.81
132.83
132.85
132.87
132.89
132.91
132.93
132.95
132.98
133.0
133.02
133.04
133.06
133.08
133.1
133.12
133.14
133.17
133.19
133.21
133.23
133.25
133.27
133.29
133.31
133.34
133.36
133.38
133.4
133.42
133.44
133.46
133.49
133.51
133.53
133.55
133.57
133.59
133.61
133.63
133.66
133.68
133.7
133.72
133.74
133.76
133.78
133.81
133.83
133.85
133.87
133.89
133.91
133.93
133.95
133.98
134.0
134.02
134.04
134.06
134.08
134.1
134.12
134.14
134.17
134.19
134.21
134.23
134.25
134.27
134.29
134.31
134.34
134.36
134.38
134.4
134.42
134.44
134.46
134.49
134.51
134.53
134.55
134.57
134.59
134.61
134.63
134.66
134.68
134.7
134.72
134.74
134.76
134.78
134.81
134.83
134.85
134.87
134.89
134.91
134.93
134.95
134.98
135.0
135.02
135.04
135.06
135.08
135.1
135.12
135.14
135.17
135.19
135.21
135.23
135.25
135.27
135.29
135.31
135.34
135.36
135.38
135.4
135.42
135.44
135.46
135.49
135.51
135.53
135.55
135.57
135.59
135.61
135.63
135.66
135.68
135.7
135.72
135.74
135.76
135.78
135.81
135.83
135.85
135.87
135.89
135.91
135.93
135.95
135.98
136.0
136.02
136.04
136.06
136.08
136.1
136.12
136.14
136.17
136.19
136.21
136.23
136.25
136.27
136.29
136.31
136.34
136.36
136.38
136.4
136.42
136.44
136.46
136.49
136.51
136.53
136.55
136.57
136.59
136.61
136.63
136.66
136.68
136.7
136.72
136.74
136.76
136.78
136.81
136.83
136.85
136.87
136.89
136.91
136.93
136.95
136.98
137.0
137.02
137.04
137.06
137.08
137.1
137.12
137.14
137.17
137.19
137.21
137.23
137.25
137.27
137.29
137.31
137.34
137.36
137.38
137.4
137.42
137.44
137.46
137.49
137.51
137.53
137.55
137.57
137.59
137.61
137.63
137.66
137.68
137.7
137.72
137.74
137.76
137.78
137.81
137.83
137.85
137.87
137.89
137.91
137.93
137.95
137.98
138.0
138.02
138.04
138.06
138.08
138.1
138.12
138.14
138.17
138.19
138.21
138.23
138.25
138.27
138.29
138.31
138.34
138.36
138.38
138.4
138.42
138.44
138.46
138.49
138.51
138.53
138.55
138.57
138.59
138.61
138.63
138.66
138.68
138.7
138.72
138.74
138.76
138.78
138.81
138.83
138.85
138.87
138.89
138.91
138.93
138.95
138.98
139.0
139.02
139.04
139.06
139.08
139.1
139.12
139.14
139.17
139.19
139.21
139.23
139.25
139.27
139.29
139.31
139.34
139.36
139.38
139.4
139.42
139.44
139.46
139.49
139.51
139.53
139.55
139.57
139.59
139.61
139.63
139.66
139.68
139.7
139.72
139.74
139.76
139.78
139.81
139.83
139.85
139.87
139.89
139.91
139.93
139.95
139.98
140.0
140.02
140.04
140.06
140.08
140.1
140.12
140.14
140.17
140.19
140.21
140.23
140.25
140.27
140.29
140.31
140.34
140.36
140.38
140.4
140.42
140.44
140.46
140.49
140.51
140.53
140.55
140.57
140.59
140.61
140.63
140.66
140.68
140.7
140.72
140.74
140.76
140.78
140.81
140.83
140.85
140.87
140.89
140.91
140.93
140.95
140.98
141.0
141.02
141.04
141.06
141.08
141.1
141.12
141.14
141.17
141.19
141.21
141.23
141.25
141.27
141.29
141.31
141.34
141.36
141.38
141.4
141.42
141.44
141.46
141.49
141.51
141.53
141.55
141.57
141.59
141.61
141.63
141.66
141.68
141.7
141.72
141.74
141.76
141.78
141.81
141.83
141.85
141.87
141.89
141.91
141.93
141.95
141.98
142.0
142.02
142.04
142.06
142.08
142.1
142.12
142.14
142.17
142.19
142.21
142.23
142.25
142.27
142.29
142.31
142.34
142.36
142.38
142.4
142.42
142.44
142.46
142.49
142.51
142.53
142.55
142.57
142.59
142.61
142.63
142.66
142.68
142.7
142.72
142.74
142.76
142.78
142.81
142.83
142.85
142.87
142.89
142.91
142.93
142.95
142.98
143.0
143.02
143.04
143.06
143.08
143.1
143.12
143.14
143.17
143.19
143.21
143.23
143.25
143.27
143.29
