2.3866384
2.3348186
2.2649827
2.2684288
2.2700613
2.2003787
2.2249444
2.2819624
2.222845
2.3025584
2.249591
2.1772192
2.2283082
2.2188268
2.1460748
2.3074296
2.1139708
2.120785
2.1204996
2.0845442
2.0831482
2.0103714
2.0409923
2.141749
2.0144615
2.0398717
2.0664728
2.0088227
2.0785449
1.9939921
1.9982862
2.061435
1.974158
1.9618157
1.9170694
1.971864
1.9264573
1.9498662
1.96012
1.9086936
1.9427873
1.9745492
1.9247729
1.9070594
2.020482
1.8388741
1.9030547
1.908072
1.9667155
1.9244393
1.8656929
1.8495415
1.8576591
1.8978971
1.9496584
1.7128075
1.8073088
1.8397195
1.6844653
1.6562067
1.8446659
1.7554379
1.8092296
1.8490738
1.6644777
1.7159257
1.7407181
1.6596584
1.8114246
1.6317356
1.8231168
1.827698
1.7278669
1.696415
1.6340737
1.631584
1.644954
1.7560371
1.6983682
1.5758573
1.5686829
1.6382539
1.6541982
1.634908
1.605713
1.5817826
1.7095802
1.542789
1.6281606
1.6001712
1.6554389
1.5759897
1.6326767
1.7189949
1.6318263
1.6392702
1.5711297
1.6085157
1.5933634
1.5017667
1.4043751
1.6194077
1.5202737
1.6096996
1.5584584
1.5493793
1.5629407
1.5777295
1.6233258
1.4375514
1.5667111
1.465668
1.5800476
1.4703242
1.5613923
1.4951919
1.6338
1.4753673
1.5795829
1.517773
1.3643378
1.3637459
1.4162648
1.5033197
1.4333057
1.5727684
1.3336374
1.3808919
1.3760898
1.3836784
1.4753909
1.3137124
1.5016322
1.371856
1.4318615
1.4768165
1.4864748
1.479602
1.560317
1.3744036
1.4362833
1.4517391
1.4859935
1.2091719
1.713032
1.4633955
1.2964586
1.4638582
1.491041
1.6286514
1.4173056
1.4873946
1.3779025
1.4118037
1.393141
1.2970669
1.5639595
1.3696916
1.5413251
1.5410227
1.4253235
1.4003872
1.4374578
1.5430734
1.4883287
1.4150625
1.3736119
1.3874826
1.4584123
1.367213
1.5186818
1.4619293
1.3822484
1.4287574
1.3729657
1.4430232
1.4741212
1.5088454
1.3881028
1.3978503
1.3314561
1.318297
1.5218626
1.3959771
1.383398
1.3885893
1.3582965
1.3849627
1.3608539
1.422874
1.383521
1.3611549
1.4233574
1.3890935
1.4071656
1.492991
1.3378656
1.4210752
1.5101069
1.5539976
1.3618032
1.6193157
1.5456839
1.4762964
1.5379373
1.266019
1.5934607
1.4556674
1.4308357
1.2935144
1.4281746
1.4315776
1.3929503
1.3640321
1.4044474
1.4557875
1.5119616
1.3756646
1.622779
1.4362959
1.4776874
1.2086247
1.4732234
1.3407027
1.5861214
1.2806501
1.5247161
1.3950605
1.4010772
1.4461644
1.4061116
1.2696604
1.4886389
1.3392475
1.1778935
1.4566815
1.3154099
1.4516503
1.2347542
1.384683
1.4183005
1.3827469
1.5043696
1.2725892
1.4899534
1.3466424
1.2440892
1.3504311
1.272427
1.4806463
1.5020268
1.4116073
1.3056507
1.353484
1.3939319
1.449059
1.2360258
1.3361005
1.4108593
1.2247918
1.3238218
1.4204547
1.4647875
1.2871163
1.4129231
1.2754928
1.2557161
1.3260705
1.369829
1.2520394
1.4372822
1.4354556
1.3164209
1.470722
1.4822594
1.4959192
1.3344135
1.4553624
1.284857
1.4685847
1.4765798
1.3579961
1.3546247
1.5384237
1.302303
1.2781113
1.3004171
1.2551225
1.3502673
1.212237
1.3876611
1.3089424
1.2651393
1.4033372
1.4401461
1.2734736
1.3609911
1.2868233
1.2934566
1.3449142
1.3026665
1.4009712
1.2167637
1.2899104
1.4793835
1.2357984
1.4213556
1.3392326
1.3796197
1.4828823
1.4834448
1.2449465
1.2837322
1.4758841
1.4552972
1.3666801
1.2507102
1.3319731
1.3050377
1.5282003
1.307693
1.2976241
1.4736379
1.3483037
1.3831139
1.29126
1.4667639
1.3839092
1.2568755
1.3622242
1.3091265
1.4443805
1.3359356
1.4451662
1.3740486
1.3009369
1.2886605
1.1598873
1.5175363
1.3357955
1.3875113
1.309614
1.3420135
1.4529748
1.4062592
1.2372736
1.0739676
1.4014103
1.2667657
1.3860866
1.2863846
1.2793403
1.5867374
1.3841892
1.1819415
1.3479854
1.403078
1.3660777
1.6037858
1.321293
1.2469479
1.3784533
1.1944344
1.4034655
1.2415446
1.4461544
1.4060818
1.2877047
1.3969824
1.476646
1.330301
1.2919219
1.2840466
1.2878605
1.2692583
1.343566
1.3005419
1.3115767
1.504186
1.263943
1.1369901
1.1798602
1.4256865
1.3303305
1.3911394
1.4357241
1.2114555
1.4917485
1.3184154
1.3152286
1.3159579
1.375262
1.2458943
1.3026417
1.3865869
1.4246361
1.2378279
1.4885784
1.4433624
1.3395286
1.1914608
1.3191898
1.3481939
1.3581325
1.2689385
1.3911725
1.188667
1.23595
1.3980403
1.3280257
1.1434587
1.2730454
1.2340666
1.290832
1.4396833
1.263781
1.465467
1.2006109
1.4288398
1.3583935
1.2311323
1.365388
1.3570114
1.3388774
1.3815957
1.0398155
1.3409216
1.3029114
1.2789786
1.4497659
1.1361094
1.5150703
1.3935392
1.3361764
1.3165927
1.1739118
1.3975351
1.3021327
1.2374724
1.2591494
1.443784
1.653846
1.580362
1.0785015
1.352959
1.0961686
1.2988116
1.4951521
1.4117053
1.1750382
1.1721019
1.3496101
1.3818568
1.3325921
1.3054409
1.3288188
1.2754478
1.4275415
1.4890888
1.4381543
1.4064661
1.1279982
1.225455
1.3006082
1.2589602
1.1575991
1.3557911
1.11254
1.4423497
1.1801136
1.3863509
1.4201758
1.3622838
1.2645551
1.2694436
1.3672478
1.5296804
1.079148
1.2531322
1.4270017
1.3093357
1.1953961
1.3441237
1.2684296
1.1667129
1.3631043
1.352356
1.1867002
1.2079117
1.4152454
1.207213
1.1979842
1.5337222
1.2579302
1.2957795
1.2486929
1.2882361
1.1847454
1.1734115
1.4082607
1.3826389
1.2726768
1.4125818
1.3099445
1.2634584
1.3678114
1.4151676
1.4009969
1.1861125
1.3057617
1.2556198
1.5128602
1.2582045
1.3180665
1.1674886
1.091551
1.2553209
1.3307624
1.256087
1.2381011
1.3338844
1.3944257
1.2340132
1.4198529
1.4432466
1.2304679
1.1259687
1.2418061
1.3463764
1.2627157
1.2350631
1.358753
1.2658335
1.221732
1.5784934
1.2240362
1.3315909
1.0924996
1.249216
1.2662665
1.3328009
1.5448807
1.3715686
1.339641
1.2881843
1.3208278
1.3937831
1.2928551
1.3270308
1.2733145
1.528398
1.3139547
1.4178308
1.289702
1.4217559
1.4167656
1.3289248
1.2200947
1.2854927
1.3408027
1.2094822
1.2441733
1.4371696
1.3681065
1.2968451
1.2368914
1.2483364
1.2727855
1.3460089
1.4341942
1.2703089
1.202679
1.2327297
1.3723034
1.3107734
1.3257178
1.643282
1.1540382
1.3949409
1.4784644
1.4220967
1.1792965
1.2741953
1.3466843
1.3356355
1.3330134
1.3039528
1.2621393
1.4113221
1.3074555
1.3495165
1.2324948
1.3256047
1.218713
1.3064255
1.354749
1.2866706
1.2328088
1.2762386
1.3925338
1.2871126
1.1975579
1.2557511
1.1473398
1.1391236
1.1887196
1.1900022
1.3643847
1.4258819
1.3154628
1.4724344
1.2801545
1.4140134
1.3979993
1.1153655
1.3381736
1.2336164
1.2222792
1.4236889
1.3080115
1.2864442
1.343806
1.4065446
1.2795976
1.2757219
1.3857105
1.2336403
1.2501944
1.224491
1.4043692
1.304053
1.3606671
1.2135018
1.2232913
1.2077436
1.3556272
1.2361239
1.3499331
1.3465114
1.3377033
1.220849
1.283901
1.307659
1.205977
1.5497389
1.2525282
1.4062701
1.5716546
1.4009521
1.2303052
1.2367015
1.2847058
1.1881922
1.2326528
1.2090383
1.2981701
1.41664
1.3604035
1.3264011
1.1307933
1.3047572
1.4734014
1.2705489
1.3366115
1.1873343
1.445538
1.2988579
1.2449816
1.2240672
1.2858926
1.0914309
1.3359069
1.2382911
1.4849641
1.4131587
1.1500303
1.3010386
1.1768653
1.1998626
1.2849624
1.3641646
1.1918792
1.1339265
1.2000988
1.3886951
1.1561848
1.4141042
1.3219489
1.2676021
1.2233589
1.285281
1.3206526
1.2901286
1.2493262
1.3603528
1.2156807
1.2356899
1.1882925
1.2017516
1.1189152
1.2575382
1.3075825
1.266438
1.3139082
1.1811296
1.3573158
1.3165749
1.1183634
1.2533939
1.3087832
1.0921304
1.2034569
1.1111755
1.3605331
1.3928444
1.1846815
1.2234849
1.3831784
1.2922919
1.1963929
1.3271208
1.2394404
1.2102351
1.3091114
1.3079134
1.3605065
1.2142576
1.28682
1.3084247
1.2065732
1.3209561
1.2808572
1.111879
1.2874534
1.0358708
1.330318
1.2400429
1.3441529
1.1718556
1.2601955
1.2054288
1.2783734
1.1659268
1.1326504
1.4076563
1.4389293
1.3187693
1.4014657
1.2905796
1.2412057
1.3440889
1.1162902
1.2860194
1.2401277
1.2974126
1.2900672
1.1590736
1.2675217
1.2448885
1.2991399
1.421862
1.2864145
1.1403561
1.2387737
1.3767673
1.1663404
1.1980675
1.2811211
1.4816681
1.1436287
1.5125728
1.2125214
1.4165219
1.318116
1.359329
1.4941909
1.2526963
1.1769582
1.2660916
1.3863709
1.2327213
1.341893
1.2962269
1.3215787
1.4408702
1.3375511
1.2098291
1.5424489
1.4524492
1.4030889
1.3107152
1.3712333
1.2848395
1.4484862
1.3057499
1.3623828
1.2094169
1.1526195
1.4185202
1.4075506
1.23697
1.3462659
1.1700665
1.2306154
1.2549601
1.2811291
1.2924863
1.2742882
1.0432445
1.3571205
1.1204642
1.2209643
1.3215781
1.2136896
1.4647561
1.2937603
1.3050071
1.3298651
1.3096364
1.3336972
1.1003077
1.2384552
1.2034822
1.2192589
1.2020434
1.4318788
1.3927042
1.256006
1.2806551
1.2910213
1.3556318
1.2972337
1.2363417
1.5536164
1.3204219
1.3482047
1.2004728
1.3050508
1.2893623
1.4026946
1.1772988
1.1691206
1.3116677
1.4461939
1.2981577
1.2335738
1.3643901
1.2669414
1.1105705
1.1649278
1.257377
1.1698568
1.2683442
1.2823334
1.2806486
1.2316585
1.3765553
1.32216
1.1384444
1.4057007
1.3839724
1.207889
1.4175923
1.260219
1.2944583
1.256572
1.238914
1.5929848
1.4056088
1.375463
1.4009788
1.2550935
1.345508
1.6048883
1.3268468
1.2911497
1.2410866
1.1412505
1.3051693
1.2149818
1.1387452
1.1525283
1.2679302
1.5073736
1.173625
1.2191916
1.3590881
1.2275566
1.3608123
1.239324
1.4380977
1.4021976
1.3708808
1.2996811
1.2723863
1.2205528
1.2147293
1.2132528
1.3421792
1.2486007
1.2522123
1.3040488
1.241905
1.0745461
1.2827013
1.5636997
1.3084605
1.4462061
1.3142277
1.1722124
1.105934
1.4249756
1.2414933
1.3195059
1.2014308
1.412081
1.2697624
1.3266437
1.1999726
1.2873002
1.4285891
1.362806
1.2932378
1.3735912
1.3587321
1.229854
1.3378975
1.204038
1.3736625
1.2871963
1.147501
1.0383873
1.2435417
1.2084448
1.3500031
1.3068181
1.2066947
1.1808777
1.2866204
1.2600135
1.2479414
1.291781
1.4398241
1.1637021
1.4385276
1.4832484
1.2976828
1.1601156
1.2581847
1.0256054
1.2975146
1.1758397
1.4064194
1.4112395
1.4111117
1.3506056
1.363931
1.3698293
1.2331098
1.1297897
1.1922343
1.2820641
1.0413289
1.2079017
1.1692936
1.154659
1.2681248
1.3089364
1.1827066
1.0734966
1.2180516
1.2804545
1.3891734
1.3728735
1.2026662
1.25198
1.1618918
1.3591713
1.1717696
1.2678286
1.2198118
1.2353472
1.2614659
1.2021539
1.2885976
1.1848314
1.3100542
1.355576
1.1555475
1.1592739
1.296979
1.2472392
1.2405392
1.2086397
1.2664528
1.2928026
1.233542
1.5554045
1.3342284
1.2220726
1.2008499
1.3101997
1.0391086
1.3291749
1.2214818
1.3922635
1.16932
1.2505004
1.3684852
1.3064842
1.3766339
1.4019765
1.2501397
1.1691567
1.4199604
1.1619842
1.2717314
1.2085602
1.5654151
1.1536018
1.3035065
1.284173
1.3397616
1.2922301
1.3338422
1.3642507
1.2756406
1.1652325
1.2665526
1.4150215
1.3301269
1.2304088
1.3091105
1.4781368
1.5103112
1.3940767
1.1524663
1.3704548
1.2061341
1.2324493
1.2384871
1.2511152
1.3244627
1.1318698
1.1510552
1.2678277
1.2623972
1.3973826
1.2555516
1.3326044
1.1470808
1.355141
1.1409044
1.2236
1.2864348
1.1991363
1.0892321
1.4620976
1.2285396
1.3123215
1.3546712
1.1969101
1.3371652
1.2073932
1.0779374
1.4326001
1.1874843
1.2920479
1.4565704
1.1521058
1.3519264
1.0996906
1.1875285
1.2218773
1.1993529
1.2131926
1.1275729
1.1879566
1.1865644
1.1244509
1.3607687
1.4384667
1.3402638
1.2345731
1.3185421
1.2069094
1.1631002
1.3948953
1.2346513
1.3218343
1.3094956
1.349533
1.3005276
1.4140096
1.4524819
1.4056362
1.2509956
1.2832896
1.2444012
1.334735
1.4026003
1.377278
1.3642046
1.2769606
1.2448676
1.1392901
1.3338268
1.1773305
1.2168598
1.234713
1.2631104
1.2593324
1.2136289
1.2699144
1.1315868
1.2455924
1.2799827
1.2467767
1.0102041
1.0818423
1.3056197
1.3194897
1.120702
1.3099173
1.277667
1.3596979
1.1783351
1.3587518
1.1796546
1.288384
1.3436743
1.109078
1.2856754
1.407327
1.3169076
1.2810277
1.3061193
1.3835374
1.3754458
1.0504372
1.341677
1.1759462
1.0995625
1.4231231
1.3905895
1.369629
1.4595346
1.2673419
1.2439516
1.3487775
1.3826493
1.04665
1.3453417
1.3102139
1.4532535
1.2978766
1.3383722
1.1337366
1.0155764
1.3584768
1.1668519
1.1439928
1.2924159
1.240181
1.2579552
1.121899
1.4330702
1.2024703
1.2279408
1.4532149
1.1809226
1.3892062
1.2517805
1.4946523
1.3657708
1.33267
1.2605233
1.1427662
1.1770107
1.3447667
1.4954331
1.3758138
1.3344508
1.1635414
1.262904
1.4446793
1.148558
1.3507636
1.1451046
1.2585884
1.1563448
1.3404499
1.4240909
1.3078843
1.2830203
1.4739865
1.4154575
1.1515049
1.310641
1.203475
1.0750103
1.2921305
1.2634612
1.3150163
1.3304814
1.2379818
1.328401
1.1853484
1.4188603
1.1479375
1.1171949
1.3330194
1.218965
1.3178247
1.299968
1.3254223
1.3623016
1.4303362
1.3851439
1.2280136
1.3266485
1.1449747
1.2991462
1.5397633
1.0593295
1.1262852
1.1834682
1.3903072
1.2547711
1.2700143
1.2675134
1.0949626
1.12539
1.1821967
1.3038697
1.3494729
1.2310547
1.1779132
1.3208042
1.3887967
1.3449091
1.2664237
1.1759105
1.2299134
1.1979995
1.2414902
1.2964007
1.2257241
1.2698483
1.3885647
1.198947
1.2518893
1.2661262
1.3924462
1.2566524
1.2878164
1.3363976
1.3196517
1.1631343
1.2635034
1.0840842
1.2194688
1.2680672
1.2941684
1.4241501
1.2764363
1.2718487
1.4359955
1.3153924
1.2957101
1.1432164
1.2572597
1.4388525
1.3010637
1.282014
1.256682
1.2196335
1.2769066
1.1692792
1.3560629
1.4971511
1.1909847
1.240445
1.4035473
1.2543099
1.1945355
1.440875
1.1801779
1.3111823
1.2718453
1.2693182
1.2726997
1.2994466
1.2791288
1.4764404
1.3662571
1.1984367
1.4513277
1.4346188
1.1651887
1.0237465
1.3426238
1.2953907
1.1705307
1.2362998
1.3842884
1.3417871
1.2726687
1.2344311
1.1616336
1.2769775
1.2539622
1.241209
1.2983981
1.2116446
1.2661016
1.2807993
1.2813689
1.2831113
1.331722
1.1474742
1.1667172
1.2896316
1.2050463
1.2832291
1.3298974
1.4007481
1.3766942
1.1465585
1.2800611
1.3210509
1.3402005
1.1870794
1.3746685
1.2101852
1.2774055
1.3652096
1.3487349
1.3431617
1.2203983
1.1119277
1.2612365
1.1773757
1.2830801
1.3322086
1.1378285
1.156033
1.1124655
1.1551905
1.1819243
1.2006956
1.2741047
1.342628
1.3454541
1.339231
1.3613292
1.1958425
1.2627231
1.2425767
1.312588
1.2926012
1.3482845
1.3348294
1.3416015
1.4117686
1.3740028
1.255579
1.1309924
1.3258361
1.0641676
1.2648816
1.2583888
1.2562971
1.4312503
1.2722082
1.2602137
1.3873305
1.2217251
1.2446393
1.2704147
1.391468
1.4323186
1.2703133
1.2599535
1.387028
1.3046182
1.2856247
1.2827102
1.1988691
1.1279882
1.1487477
1.3629297
1.3561894
1.2822621
1.2887385
1.2159239
1.2942983
1.269829
1.2730967
1.179724
1.2589948
1.1508223
1.3430264
1.2773919
1.227773
1.5418547
1.1437397
1.2046126
1.1573261
1.37409
1.2921494
1.3581268
1.3682203
1.1656611
1.3128674
1.2845935
1.4028933
1.2363654
1.3799787
1.2575127
1.3215283
1.3488946
1.2264562
1.1380396
1.2429163
1.5028318
1.2553807
1.1558617
1.1401445
1.2357961
1.0803008
1.2774388
1.2076241
1.2625664
1.2829641
1.222259
1.2928866
1.3684862
1.056179
1.1285573
1.169271
1.3129169
1.185698
1.2917376
1.3447057
1.050024
1.3103485
1.1522455
1.1747677
1.3702846
1.356469
1.2754068
1.3595339
1.2775038
1.2553464
1.2198799
1.237464
1.1949426
1.4173217
1.3150123
1.1034544
1.339643
1.5302254
1.4502094
1.2044361
1.3719687
1.3315036
1.2884007
1.3811725
1.3630719
1.2092462
1.1652822
1.2994666
1.2746845
1.2688936
1.1548746
1.2680372
1.2533845
1.2657166
1.3960662
1.3850003
1.3323327
1.2956579
1.4487665
1.5198039
1.1781569
1.1576144
1.1096599
1.557506
1.1435033
1.2663984
1.288945
1.4096246
1.2651272
1.3391123
1.3158817
1.2131363
1.2881637
1.2146883
1.291969
1.2631288
1.3082546
1.2191279
1.3602414
1.3849326
1.4019461
1.2987006
1.3323876
1.3875092
1.3146026
1.2417765
1.2398795
1.2800817
1.3701135
1.4430273
1.127914
1.2276579
1.0726099
1.223344
1.3448317
1.3528019
1.2173492
1.2173904
1.478619
1.2468069
1.2699559
1.4120377
1.4276569
1.2504064
1.1287993
1.2612823
1.246234
1.3997602
1.1878027
1.3712054
1.0814934
1.3611789
1.428083
1.0594883
1.2470675
1.296003
1.2442284
1.2228608
1.322274
1.3203014
1.2165388
1.4214789
1.0644045
1.1826926
1.1197177
1.1893327
1.2379291
1.3685213
1.3136027
1.3727996
1.3079576
1.2188038
1.3229266
1.291872
1.3248001
1.317398
1.2921892
1.4468354
1.2104582
1.3768235
1.1652768
1.3509922
1.1735338
1.1645774
1.3775407
1.2561966
1.2792152
1.250179
1.2258534
1.2597142
1.2864593
1.3369592
1.1023521
1.2928458
1.3179276
1.2271142
1.4057689
1.1907828
1.4386145
1.3561827
1.0387081
1.3850948
1.2774951
1.0679975
1.2793974
1.3106499
1.5196636
1.2160354
1.1186348
1.0905477
1.3957922
1.3116136
1.0754768
1.2133203
1.2035784
1.3620943
1.2845494
1.3728049
1.1778727
1.0618327
1.1506811
1.1034124
1.4027501
1.0954576
1.2795938
1.1876044
1.0565801
1.0904481
1.1891352
1.2764579
1.3676963
1.366067
1.279945
1.2748486
1.0586153
1.2456161
1.2381585
1.2133342
1.3059819
1.3459568
1.1673299
1.2360843
1.1451242
1.1152731
1.2285389
1.0901601
1.3382919
1.2987972
1.0978739
1.2954382
1.4983127
1.1585199
1.1813799
1.4857546
1.3435203
1.2379016
1.3762716
1.059101
1.2818841
1.4789461
1.3498055
1.4488496
1.2707847
1.18975
1.0276216
1.3441107
1.2661196
1.2376375
1.3832034
1.2252513
1.238406
1.3639879
1.1159077
1.1770478
1.2445159
1.4311132
1.3090453
1.3052368
1.1588308
1.4139128
1.1545757
1.3052415
1.4662638
1.3327112
1.1148144
1.4181551
1.1977724
1.4258794
1.3379996
1.273594
1.1640434
1.3736148
1.2297508
1.3472874
1.2633288
1.4538728
1.274412
1.2835577
1.2867664
1.2351376
1.3654327
1.3644958
1.1384478
1.12895
1.198628
1.2459711
1.4127996
1.2914609
1.3167337
1.1759768
1.5089916
1.1814104
1.2633457
1.261662
1.3258795
1.1929066
1.1830232
1.3226758
1.4873714
1.0554525
1.2168413
1.0766013
1.2042737
1.465942
1.1101608
1.3465774
1.3748028
1.11476
1.1264869
1.2611217
1.1603258
1.371302
1.1152372
1.1256315
1.3450314
1.2411875
1.1314433
1.2995667
1.1305882
1.2143239
1.277987
1.2696275
1.4132016
1.2499298
1.2777504
1.3654917
1.3363783
1.250163
1.3414369
1.1088015
1.2799402
1.2881316
1.2600985
1.3753948
1.1153091
1.2866919
1.2734598
1.3590617
1.2826153
1.2942935
1.1071593
1.3797069
1.2168458
1.2557687
1.1742631
1.371095
1.4061798
1.2851385
1.4665399
1.2162751
1.0737832
1.1540736
1.4388262
1.1105123
1.1500689
1.3216367
1.2924426
1.1586736
1.1391513
1.2871244
1.4055227
1.4794309
1.2530413
1.2440779
1.3363867
1.1879996
1.4176216
1.4429817
1.129715
1.2664138
1.1377625
1.3774172
1.277087
1.3147666
1.3375009
1.4028479
1.3660656
1.4079208
1.3696326
1.404358
1.2636427
1.1048673
1.3965986
1.2559342
1.3537214
1.1480061
1.2017317
1.0532463
1.3034087
1.3193462
1.1264812
1.3040653
1.2584499
1.2501374
1.0744299
1.1663291
1.3130891
1.3570015
1.2193341
1.1072096
1.3836772
1.3809023
1.4535561
1.2897991
1.2358267
1.3619233
1.3088804
1.4276747
1.1417847
1.1528316
1.1103994
1.2737191
1.3391868
1.2315208
1.2610031
1.1958011
1.1545784
1.2730405
1.23577
1.2457072
1.2267225
1.3726916
1.1078097
1.2787365
1.2945423
1.1848378
1.4053978
1.4199841
1.2957287
1.1867303
1.1905861
1.1497024
1.3805382
1.2365017
1.1070808
1.3387022
1.1567613
1.3301296
1.2610655
1.2977102
1.3411927
1.236697
1.4803311
1.1928709
1.1258358
1.2250142
1.1910965
1.2784369
1.2338196
1.3792033
1.2995142
1.2115568
1.1416754
1.2741581
1.4303522
1.1326786
1.3353257
1.2604222
1.4146305
1.2211901
1.2448541
1.0441853
1.2441907
1.3874952
1.2479731
1.3715729
1.0791351
1.1245855
1.3005344
1.3177669
1.2636479
1.2219889
1.3176249
1.2287923
1.219407
1.3263037
1.3275571
1.2238805
1.3537583
1.3292935
1.2173902
1.1085162
1.3773602
1.1580145
1.2632074
1.2810401
1.1885911
1.371187
1.2020122
1.1461989
1.4231915
1.1735485
1.2735577
1.2958982
1.2890098
1.2021377
1.2709724
1.2168112
1.2140009
1.222326
1.2747945
1.1943339
1.3408729
1.2519873
1.1454093
1.3776351
1.3615806
1.2007841
1.2328165
1.1742514
1.3063467
1.2373478
1.1874826
1.5382483
1.3267125
1.2663014
1.5157143
1.3127309
1.2315968
1.228107
1.4388875
1.2865535
1.1769876
1.2519864
1.4103621
1.2441889
1.2710898
1.1246277
1.2603284
1.3239895
1.0682982
1.3151598
1.2979558
1.285016
1.169915
1.1658448
1.1362889
1.2258786
1.3604722
1.0833771
1.1487709
1.287655
1.3897103
1.2820625
1.4205334
1.1901563
1.2388548
1.2809407
1.2040524
1.1376959
1.344518
1.3094321
1.3041832
1.3152105
1.2063075
1.2271225
1.3449584
1.2782058
1.1974465
1.4630779
1.2547019
1.3807619
1.2150795
1.0875069
1.3262185
1.3117867
1.1799097
1.364377
1.3063912
1.3201357
1.3168153
1.2813518
1.3108892
1.0642909
1.2417561
1.0535549
1.4206412
1.3383551
1.5466726
1.2542753
1.3259062
1.1755753
1.4121664
1.3143218
1.3411592
1.1769243
1.2044854
1.4017651
1.2998599
1.2191473
1.3435224
1.3548061
1.3441623
1.2615594
1.2525321
1.1969283
1.3876256
1.3926207
1.3881485
1.2842548
1.4434966
1.1687801
1.2068713
1.1422198
1.4816704
1.3554163
1.5063676
1.4404209
1.1985749
1.1796288
1.365711
1.2166024
1.134097
1.2860132
1.3084849
1.5071392
1.2682225
1.2076718
1.2364361
1.2449739
1.2099454
1.3994627
1.2622807
1.2170309
1.3508397
1.1815068
1.5043634
1.2977444
1.2234172
1.2714595
1.1828169
1.4054097
1.1493169
1.1709168
1.1159396
1.2099781
1.434483
1.1986349
1.446375
1.3329924
1.3686891
1.0980977
1.2860532
1.2366556
1.1482558
1.1568034
1.377134
1.3438929
1.3081824
1.3822013
1.3549353
1.3337153
1.290077
1.2587136
1.3630677
1.2504574
1.3770242
1.3144447
1.1143084
1.0880942
1.2134938
1.3289045
1.0772592
1.2522434
1.3009224
1.3359798
1.3056427
1.1275184
1.2836269
1.1360888
1.1283015
1.0875571
1.321497
1.3530996
1.2245454
1.2640469
1.3017642
1.4255172
1.2081074
1.1402291
1.2226741
1.2448182
1.4053913
1.162408
1.2553627
1.17834
1.161376
1.0887789
1.3696713
1.188394
1.3912054
1.1745313
1.4231503
1.4463865
1.2620488
1.2280293
1.2935271
1.2838373
1.3285371
1.1959447
1.3909829
1.2024548
1.2315729
1.0738696
1.3633529
1.3257492
1.3101975
1.2738135
1.1529852
1.2578615
1.3235283
1.2444892
1.2068392
1.1635406
1.4751171
1.2746955
1.2147661
1.2775377
1.3308498
1.4385995
1.1866418
1.3085648
1.3730606
1.2812637
1.1712211
1.2863597
1.2823346
1.3297925
1.3950671
1.2580608
1.3457491
1.2703477
1.2607671
1.3042302
1.3238392
1.3477383
1.2285976
1.3260231
1.2295449
1.1560718
1.4037167
1.3833591
1.2520806
1.1854336
1.2484592
1.2206126
1.077627
1.2126881
1.1560177
1.3734189
1.3959987
1.176221
1.169981
1.214985
1.2563689
1.3515235
1.3527117
1.1663752
1.2494644
1.2983105
1.1158392
1.2170827
1.2220982
1.2814294
1.204222
1.2211607
1.2623942
1.3609084
1.3051436
1.256742
1.2884883
1.1301186
1.1787566
1.3381659
1.380407
1.108462
1.2819407
1.0446668
1.4748641
1.3455544
1.3569131
1.2995323
1.1580298
1.156135
1.3007417
1.2371017
1.3870841
1.6016638
1.2999802
1.2400115
1.1998695
1.3261473
1.1558006
1.4226905
1.2707385
1.1803975
1.3881464
1.21562
1.307191
1.2289768
1.1194696
1.3289654
1.2502861
1.3836582
1.3285723
1.29652
1.2486421
1.0911732
1.2727733
1.2989659
1.4139774
1.3480116
1.1671827
1.3731518
1.340862
1.1842278
1.15288
1.1619648
1.0767491
1.2860678
1.228526
1.2072184
1.3127167
1.214881
1.2967212
1.3352033
1.2484205
1.1864465
1.2176946
1.266522
1.2770313
1.1947923
1.1888574
1.4873875
1.0904415
1.3241038
1.3438076
1.1885152
1.4019346
1.3895118
1.3609123
1.3041259
1.2302942
1.3905091
1.2857492
1.2635216
1.4050322
1.4738301
1.1905189
1.2428029
1.2386422
1.303023
1.1278144
1.1061969
1.146675
1.3240908
1.2552717
1.2793019
1.2328949
1.324033
1.2433652
1.2393478
1.2628057
1.3364373
1.1578708
1.2131915
1.3748119
1.4099536
1.293622
1.2901784
1.2604506
1.387922
1.2474812
1.3886061
1.3971156
1.4314697
1.1747347
1.4212264
1.1796362
1.2322308
1.2855452
1.3229866
1.3294597
1.558105
1.2765548
1.2617347
1.2070136
1.26975
1.3313859
1.3017808
1.0627675
1.5023577
1.332044
1.0846337
1.1720736
1.2932471
1.3697107
1.1803873
1.2687838
1.1775596
1.2133518
1.4319898
1.3518544
1.5026373
1.1301365
1.1619889
1.1013987
1.3490835
1.5271814
1.195941
1.2701813
1.3988614
1.2789934
1.3227296
1.3722845
1.2539767
1.2196242
1.214989
1.3256944
1.3954928
1.4332438
1.2097712
0.95972866
1.3848249
1.1578993
1.5200227
1.232097
1.3776124
1.3089117
1.3530371
1.2512981
1.3715794
1.2977084
1.283261
1.2334633
1.1335057
0.96737534
1.2853225
1.1847067
1.4704272
1.1764994
1.2888854
1.2918934
1.2450542
1.3359996
1.1952957
1.5005463
1.1223428
1.2585517
1.1899073
1.3150787
1.285956
1.2609032
1.3027354
1.1351068
1.2440854
1.1353009
1.1604878
1.1649988
1.2439963
1.4144701
1.5521342
1.3468759
1.3420324
1.3276058
1.2377082
1.2949855
1.351081
1.3252971
1.324753
1.1454374
1.3526934
1.3313754
1.2825277
1.1845304
1.1055721
1.5646844
1.2618473
1.3658665
1.0969462
1.3360319
1.1460841
1.3110192
1.3252891
1.2471169
1.2478745
1.3870245
1.3119338
1.2990891
1.2900265
1.6274707
1.2653725
1.0898265
1.3155384
1.2848725
1.385237
1.1767887
1.3477695
1.2979357
1.0947748
1.3142906
1.320615
1.2909541
1.2170364
1.2599654
1.1361761
1.2965895
1.2452756
1.3931028
1.4024677
1.3028058
1.2693542
1.3827722
1.1097869
1.0450873
1.1205028
1.1459544
1.1618321
1.1355932
1.2800242
1.1445576
1.1112034
1.2033564
1.2526158
1.3082871
1.2866577
1.3764205
1.338618
1.3076253
1.3646073
1.3627055
1.1849501
1.3233724
1.3261341
1.1243865
0.9627068
1.2032158
1.2816652
1.3482528
1.2757198
1.232038
1.2473722
1.1800556
1.1692365
1.5063204
1.2553324
1.3233268
1.2462223
1.0806746
1.2548741
1.3608038
1.3489245
1.2766855
1.2826306
1.1890737
1.1688349
1.1638156
1.1913675
1.4537044
1.5763819
1.2115786
1.309727
1.3898994
1.3709399
1.3562102
1.4521017
1.1975232
1.3769745
1.317448
1.2339579
1.2467701
1.2543668
1.3506813
1.3298448
1.4352584
1.3490344
1.2914398
1.1777984
1.364855
1.3478701
1.2077298
1.2148601
1.2477566
1.333505
1.2482235
1.2616116
1.2518568
1.1315802
1.1730621
1.1895922
1.2391851
1.0933728
1.2088149
1.2195116
1.3341923
1.2597587
1.2715267
1.2965367
1.2148521
1.2760735
1.3775468
1.1832253
1.2962358
1.303789
1.3041486
1.4656684
1.2537097
1.04243
1.428162
1.2428739
1.5412571
1.3361095
1.3382039
1.3227916
1.2646129
1.1660875
1.2845961
1.3503845
1.2685995
1.1731509
1.379893
1.4050502
1.2823203
1.2134137
1.410935
1.1826433
1.098508
1.3397957
1.3895382
1.3726443
1.5125883
1.239188
1.3811516
1.4886343
1.2086725
1.376067
1.1741902
1.2757442
1.3441207
1.2063334
1.3536611
1.4123436
1.1642032
1.4039572
1.3319468
1.5706943
1.1246026
1.341091
1.1860458
1.1954645
1.2551353
1.127779
1.1751693
1.391941
1.3823563
1.2086797
1.3703499
1.1575533
1.2527052
1.23534
1.2116992
1.3265808
1.3627747
1.2245597
1.4216001
1.004067
1.2973629
1.2746602
1.2569768
1.2337793
1.3431646
1.2290579
1.2043053
1.3843274
1.3018539
1.2935015
1.3800559
1.3066356
1.2425631
1.2321597
1.4713199
1.2052895
1.1018882
1.2823999
1.2517328
1.0590771
1.2511295
1.2967843
1.2491728
1.2543633
1.1830586
1.3386556
1.4150394
1.0175248
1.1969229
1.2997339
1.3977365
1.2682374
1.2469183
1.3084855
1.3413861
1.2028544
1.3197124
1.472389
1.1375678
1.3849558
1.1575835
1.2582576
1.3005546
1.2292604
1.462062
1.3245447
1.2416084
1.1496607
1.2706454
1.4558853
1.1295165
1.4105946
1.2966636
1.2745781
1.3970743
1.1636331
1.1998061
1.1831957
1.1647847
1.1628777
1.184498
1.4021194
1.1607682
1.1902571
1.076587
1.1577321
1.2591134
1.3080826
1.2833937
1.3965113
1.1910719
1.026513
1.2507555
1.2872232
1.2668867
1.3267571
1.2923509
1.2672104
1.1926868
1.3016391
1.2866423
1.117074
1.1673388
1.20712
1.2654514
1.1916076
1.242144
1.2522763
1.4231926
1.3234421
1.3505194
1.3252941
1.3704237
1.1545844
1.2095547
1.1284244
1.1528426
1.260814
1.2647828
1.2961131
1.0500808
1.078322
1.3036081
1.1908231
1.216093
1.2690291
1.1996444
1.2013752
1.0598416
1.2776763
1.0330857
1.2131952
1.260359
1.5308656
1.3498169
1.3055171
1.3408524
1.3274862
1.06097
1.3919184
1.1876954
1.0703398
1.1749681
1.2058134
1.3681948
1.4066892
1.298292
1.4361429
1.4447752
1.1723357
1.223343
1.1765049
1.2403859
1.4646928
1.3120221
1.1733464
1.2886574
1.2281564
1.1890688
1.3716004
1.2351211
1.2956612
1.1441793
1.1945802
1.2842878
1.2631694
1.167865
1.3745654
1.0751173
1.4695587
1.3046616
1.3975657
1.3190023
1.2673115
1.2255788
1.4527979
1.2254062
1.2840208
1.0704694
1.3456576
1.5248928
1.2263727
1.2303042
1.1241308
1.1256951
1.2637621
1.362657
1.189369
1.2161628
1.3549076
1.3530787
1.2248783
1.2619497
1.1540799
1.2453288
1.0970597
1.2976575
1.3008108
1.271057
1.4709821
1.3069971
1.1586614
1.2804174
1.3076562
1.2042979
1.1544983
1.1897167
1.1999279
1.1986955
1.2090037
1.2630711
1.2971485
1.0834498
1.1998894
1.4124829
1.3851234
1.1695302
1.3620222
1.26839
1.1308169
1.3395433
1.3397162
1.3157728
1.1660311
1.2957244
1.2534659
1.4193559
1.2869815
1.2411395
1.2773339
1.1844194
1.1976997
1.1740739
1.2507478
1.2119068
1.1515459
1.3989764
1.2060838
1.2480686
1.3086202
1.2147447
1.284431
1.1987625
1.4385387
1.3324428
1.1634772
1.2518494
1.1603578
1.2317312
1.4848009
1.247727
1.219542
1.3594228
1.219208
1.2399577
1.1957718
1.4395932
1.149578
1.4464889
1.3215551
1.4160273
1.2943236
1.3265673
1.1685631
1.3087133
1.1737298
1.2320683
1.1552689
1.2831047
1.3807199
1.140946
1.2328101
1.2429869
1.1551336
1.2170832
1.2336599
1.4100689
1.3355671
1.0106994
1.2458711
1.2254217
1.073347
1.1262945
1.2999284
1.3435731
1.0815307
1.0952971
1.2570843
1.2422404
1.3499317
1.2501746
1.1328459
1.1635879
1.188553
1.2634459
1.2242962
1.2242848
1.3194383
1.291223
1.5414505
1.0591145
1.1922483
1.2395421
1.1803811
1.3031939
1.1510001
1.2265007
1.3666762
1.1254812
1.3209581
1.3357104
1.288404
1.3174804
1.159831
1.1649566
1.1131158
1.1889541
1.2863345
1.1361209
1.1785873
1.4150448
1.1203365
1.1611164
1.0410622
1.3343551
1.2813137
1.3029152
1.0617306
1.2499357
1.3209518
1.2873636
1.0986269
1.2971728
1.1102843
0.9842999
1.3391473
1.1419396
1.4838519
1.2783827
1.2610736
1.0800335
1.17211
1.3052616
1.2213963
1.3417028
1.2123648
1.1949297
1.2320534
1.3286325
1.0041201
1.3638092
1.3189921
1.4353713
1.2368013
1.089171
1.2686428
1.188095
1.1550319
1.3075489
1.2800376
1.0998828
1.2724324
1.1287007
1.2863505
1.1556103
1.2402306
1.2423452
1.243918
1.2697262
1.1538637
1.3290881
1.2635537
1.3550588
1.3818182
1.1695976
1.428922
1.2277147
1.254335
1.2946045
1.1488779
1.3826101
1.2787491
1.2039607
1.1721632
1.2496186
1.320407
1.2431234
1.3554412
1.1291062
1.2507675
1.1144617
1.512548
1.4795017
1.427348
1.1646397
1.3674256
1.1755848
1.5488672
1.2267317
1.338926
1.276239
1.3867271
1.2691827
1.2158722
1.2598028
1.1579351
1.3434353
1.3391501
1.2037196
1.3065778
1.1812819
1.281824
1.3329343
1.2413547
1.17715
1.178397
1.1895918
1.199948
1.1520364
1.1090255
1.4102346
1.2479609
1.383555
1.3226428
1.0567031
1.2187055
1.3548253
1.2031348
1.1425761
1.1003461
1.2171613
1.3337002
1.0439441
1.208288
1.2726035
1.164578
1.4671662
1.118971
1.0828741
1.2592211
1.1970236
1.134617
1.5103339
1.2833533
1.1599336
1.1776586
1.3066635
1.3169307
1.2171739
1.2397423
1.4624573
1.1459757
1.3301504
1.2500288
1.1982311
1.4231195
1.301293
1.1687682
1.143187
1.0601134
1.0700055
1.4245524
1.1699923
1.4182899
1.2224867
1.0960459
1.2415941
1.238615
1.0845163
1.3278915
1.0676761
1.1996137
1.1804804
1.0941297
1.2598035
1.1662085
1.269502
1.5145868
1.1455178
1.1015832
1.2711167
1.2792894
1.1684875
1.0402589
1.1812712
1.3368604
1.1389153
1.2513208
1.255385
1.3900241
1.2428553
1.3230709
1.1314365
1.2135464
1.3105766
1.2838994
1.2646704
1.2439511
1.1697372
1.1556833
1.2193259
1.3108339
1.3342214
1.369252
1.3520229
1.2116407
1.1649395
1.2196465
1.2829891
1.034545
1.2168884
1.3764666
1.4512397
1.3753151
1.267526
1.3956238
1.2476069
1.1507025
1.1774591
1.3556674
1.198568
1.1606913
1.2908154
1.2142715
1.2820216
1.2613851
1.2121415
1.3358444
1.1855601
1.2313076
1.136513
1.3135233
1.1983721
1.296286
1.3468314
1.2486682
1.2282238
1.4644938
1.2105792
1.2028759
1.2631358
1.2882423
1.2707318
1.297593
1.2534089
1.4166044
1.2217509
1.2358146
1.2646865
1.2629881
1.21097
1.2474087
1.1664503
1.0429323
1.2836697
1.1740757
1.1006694
1.2348198
1.1833578
1.2549999
1.2042092
1.299504
1.2355274
1.1810519
1.0525934
1.1334535
1.2515532
1.232035
1.194758
1.1942049
1.2032704
1.129048
1.4464433
1.2992345
1.2530138
1.3833661
1.2366788
1.2296863
1.3493911
1.2040747
1.2875502
1.240299
1.2030613
1.2499418
1.3013058
1.1262858
1.2178788
1.3866239
1.2343469
1.3994435
1.2695928
1.1470405
1.2378672
1.1304799
1.2173263
1.1632341
1.1188242
1.2994614
1.1271602
1.426377
1.1819829
1.292398
1.1342843
1.3702493
1.1023552
1.082741
1.2157393
0.9958216
1.4014801
1.0487716
1.2140516
1.3472914
1.2678682
1.3575041
1.3645321
1.4485776
1.1642528
1.3112818
1.294994
1.285022
1.1473448
1.2132818
1.3137832
1.3044702
1.2432225
1.212567
1.3632544
1.2382026
1.292128
1.263137
1.1523513
1.1957173
1.2849729
1.2107219
1.0838808
1.3490841
1.3446033
1.0687282
1.2041596
1.2419952
1.1951602
1.3806757
1.2785873
1.2672087
1.2894734
1.1878858
1.2589469
1.2106962
1.2321734
1.1227981
1.1444768
1.2212576
1.1231223
1.2132523
1.2947124
1.1767783
1.3609631
1.1615309
1.0315717
1.1329255
1.3211337
1.0997797
1.3149459
1.2394458
1.0459727
1.1412503
1.2418251
1.2794858
1.3052183
1.1309482
1.1970469
1.3374605
1.1827532
1.1292446
1.3204982
1.3007323
1.3003186
1.2380667
1.2827289
1.3255277
1.2708225
1.4469589
1.225429
1.2946073
1.2480688
1.1198788
1.5450131
1.1934662
1.1022626
1.229309
1.2222159
1.0879358
1.0417268
1.2503836
1.230078
1.1662499
1.1746696
1.3062131
1.0866702
1.172561
1.3446795
1.2650763
1.0539407
1.1753069
1.2634565
1.4064126
1.1864109
1.2007598
1.1618886
1.1574111
1.1454041
1.2302197
1.0975032
1.2125924
1.2415596
1.1856627
1.3237218
1.1134926
1.218443
1.1756811
1.3191302
1.3164189
1.3303509
1.1244453
1.3035691
1.1419218
1.2006488
1.3228568
1.3609219
1.3595617
1.1797904
1.0918667
1.3553087
1.1199535
1.2155513
1.2372818
1.3134131
1.0829571
1.2384177
1.3343712
1.1401274
1.1852949
1.229273
1.117144
1.1818215
1.112649
1.1391531
1.213175
1.0947218
1.2613317
1.2319181
1.3822576
1.2563196
1.2236644
1.1782328
1.41559
1.1707197
1.2855383
1.1330616
1.1102881
1.0431523
1.1373013
1.162396
1.13482
1.107285
1.3225483
0.94854003
1.2791848
1.1889566
1.1833423
1.0314717
1.2678571
1.4288146
1.2668988
1.3211809
1.1617382
1.0591058
1.2437476
1.1889163
1.3139166
1.236302
1.2651811
1.3338397
1.2506597
1.2326093
1.1308849
1.2914591
1.402094
1.1389594
1.2112007
1.191927
1.0997071
1.0862886
1.281043
1.1723143
1.2944496
1.3735622
1.262194
1.2694912
1.1667995
1.1275685
1.2360088
1.380543
1.1840025
1.3331467
1.3471925
1.1758705
1.1340978
1.2208185
1.2366058
1.1403929
1.1493714
1.2305253
1.3175751
1.2701194
1.0031413
1.2248151
1.3499337
1.0502955
1.171976
1.3651218
1.2662566
1.1273952
1.3160789
1.3586549
1.1717111
1.2736665
1.4161979
1.3759037
1.2272285
1.4151275
1.1963636
1.0179174
1.263007
1.1839687
1.1108567
1.013722
1.4643586
1.3215995
1.2842404
1.1028593
1.0692356
1.1767281
1.3451465
1.2030044
1.2243218
1.1914239
1.0630158
1.2563611
1.2433107
1.1424607
1.2969093
1.227053
1.0576748
1.2082548
1.382891
1.1521728
1.3426671
1.2667084
1.3116542
1.3081691
1.2229524
1.36549
1.1571313
1.2635509
0.99675846
1.2419475
1.1953301
1.3060992
1.2312394
1.3459972
1.1342547
1.0709543
1.3850933
1.2271696
1.149972
1.0919967
1.1246505
1.1287099
1.2358829
1.0694252
1.2637546
1.3432503
1.0356593
1.128933
1.2475724
1.3068638
1.2384001
1.2350264
1.3285638
1.1671684
1.2299366
1.2732859
1.1384091
1.0879319
1.1403439
1.300065
1.2944078
1.1793101
1.2987179
1.2156203
1.149395
1.3438436
1.1095883
1.198714
1.1023031
1.224542
1.1353928
1.2303736
1.33309
1.2692935
1.1941935
1.1981003
1.4574128
1.2488489
1.4038564
1.3584337
1.2488875
1.0647054
1.1003824
1.2634274
1.2667481
1.2750901
1.2955915
1.1975316
1.1771876
1.1052688
1.135494
1.1200441
1.051614
1.3391373
1.2916534
1.2289629
1.2109448
1.2663865
1.3637599
1.3014834
1.1556364
1.1984911
1.3041154
0.956308
1.1752764
1.1864648
1.0544448
1.480884
1.0692617
1.1672076
1.3149321
1.3415276
1.240158
1.3325586
1.1563606
1.3132222
1.2318152
1.2637689
1.3541799
1.1913114
1.258268
1.2267325
1.1171803
1.1131568
1.151936
1.2478007
1.2837662
1.2471229
1.1976281
1.230546
1.0441762
1.3313472
1.162038
1.073873
1.1480914
1.3090619
1.1130584
1.136777
1.2506573
1.2116965
1.4131252
1.2231367
1.1621913
1.0625495
1.1506222
1.2628057
1.1213416
1.1849297
1.2890809
1.215227
1.4086055
1.2772007
1.3036926
1.3790289
1.298805
1.2126144
1.4016888
1.2171363
1.299312
1.3179103
1.2849122
1.2541652
1.0339197
1.2763512
1.1352729
1.1774536
1.2473521
1.161844
1.1646363
1.5105776
1.3655678
1.2505317
1.2128453
1.3746188
1.15413
1.1721798
1.3202128
1.1860387
1.3217623
1.2902315
1.3322717
1.1961211
1.2756276
1.2182419
1.1982901
1.1679899
1.3045727
1.155284
1.1445837
1.1578808
1.0042433
1.1619724
1.2854997
1.2043318
1.3062794
1.1530813
1.2612017
1.1179945
1.315484
1.3228096
1.1986269
1.24062
1.2258749
1.5594441
1.1915641
1.1592944
1.2214504
1.1216416
1.4045964
1.0192803
1.156448
1.2433921
1.2076025
1.2395445
1.2997
1.298432
1.0850419
1.2967739
1.117462
1.2080027
1.0987816
1.240783
1.2458844
1.213613
1.3059639
1.3644439
1.087269
1.2079363
1.3433726
1.0747235
1.258365
1.179803
1.1279436
1.1158183
1.0787227
1.0835414
1.221033
1.3518507
1.1232952
1.1512133
1.3587898
1.4514219
1.0658797
1.1547593
1.2831928
1.4264399
1.2541856
1.2449323
1.3157178
1.199584
1.2863972
1.3690898
1.3681893
1.2516105
1.4054284
1.2982421
1.1914502
1.1945884
1.2807794
1.1314826
1.10253
1.2285597
1.2346979
1.2608391
1.2400403
1.1285635
1.0232596
1.1240033
1.1534333
1.061109
1.1409029
1.2784985
1.2575974
1.1990643
1.3959745
1.2237611
1.1931388
1.1024666
1.3214841
1.1859659
0.93811756
1.0093998
1.1438067
1.4141645
1.0416323
1.2104568
1.2112415
1.2857325
1.2211292
1.1069266
1.1982569
1.3177061
1.2399824
1.2716395
1.2062063
1.0942653
1.2703018
1.1096667
1.0573707
1.2177758
1.1539385
1.2024306
1.1040963
1.1921346
1.1273352
1.1875657
1.277877
1.2481492
1.1954347
1.1362456
1.4210894
1.4258586
1.1564386
1.2107667
1.3043394
1.3331085
1.2756282
1.2949141
1.1659098
1.4030373
1.156482
1.0757633
1.153684
1.2393721
1.4530115
1.1241437
0.99604726
1.1661102
1.1073734
1.0679572
1.1020625
1.3460844
1.1431544
1.2460207
1.0278817
1.5225061
1.1885586
1.1260816
1.3126619
1.2476327
1.2370313
1.3749852
1.2100106
1.0826983
1.2031546
1.4018755
0.98763746
1.2679309
1.3556625
1.2672257
1.1242802
1.209979
1.2126362
1.2794518
1.243027
1.1706907
1.2059851
1.1930038
1.2540498
1.2367343
1.1654898
1.2390522
1.1026609
1.1877351
1.142002
1.2748052
1.1383474
1.2346622
1.2946823
1.3352599
1.2067432
1.2727529
1.3356835
1.2438463
1.3737985
1.2594985
1.411686
1.1479741
1.3466196
1.2586668
1.184304
1.1910111
1.1189182
1.5028448
1.0342072
1.113014
1.3486813
1.4370427
1.346459
1.1821964
1.0024303
1.1601579
1.2315234
1.210395
1.2571763
1.2111962
1.176145
1.2918643
1.2437707
1.252455
1.1990434
1.1879276
1.2987562
1.2241986
1.342136
1.4123447
1.1016911
1.1390691
1.1809288
1.3038574
1.3172797
1.2176394
1.1136907
1.1974357
1.1022518
1.2172157
1.2346256
1.1370108
1.1168981
1.2244831
1.071567
1.2043446
1.2842222
1.2205327
1.1266637
1.3232247
1.3993909
1.1594472
1.41133
1.2806939
1.2807415
1.2624679
1.2523271
1.3545347
1.1896868
1.3215787
1.4109175
1.1704677
1.1434735
1.165825
1.3696241
1.2144593
1.2307832
1.2778739
1.1179327
1.0066617
1.257366
1.3687805
1.1475323
1.3639592
1.2250884
1.2347938
1.1111261
1.1187
1.2687422
1.1436969
1.1685122
1.237698
1.2040032
1.1330667
1.2986231
1.2071201
1.3412175
1.3220059
1.2346354
1.0992461
1.2428193
1.6041301
1.1543005
1.1884295
1.2868605
1.2812353
1.2432408
1.2800533
1.4381557
1.1985462
1.1492774
1.2826936
1.3507582
1.1714351
1.0974243
1.0460994
1.1339054
1.3513176
1.3312582
1.3485271
1.1761366
1.1436263
1.1602219
1.0913154
1.3235587
1.0815082
1.3001882
1.2616597
1.3519838
1.063256
1.3723572
1.0881665
1.3585852
1.1527733
1.1431404
1.1751263
1.3072244
1.2779769
1.2051008
1.3130324
1.3350855
1.2999685
1.3728145
1.2670044
1.1125205
1.0759838
1.2816173
1.4079708
1.2006074
1.2594091
1.2119678
1.056937
1.0466477
1.1831821
1.3103839
1.2787601
1.4441756
1.1697197
1.4271235
1.3098356
1.3714025
1.2482681
1.2908825
1.1223586
1.4069651
1.4115319
1.1505512
1.2375011
1.0965308
1.1852592
1.2970545
1.0257139
1.3206596
1.2399782
1.2157607
1.1190923
1.1357148
1.0957016
1.2395977
1.1495037
1.031557
1.1060336
1.1664134
1.31869
1.294426
1.2596744
1.1613103
1.1825006
1.172223
1.0545027
1.1444914
1.4176387
1.2085707
1.2174519
1.2042099
1.325543
1.2874122
1.1478249
1.2506514
1.1723759
1.2479203
1.149659
1.0786
1.1838917
1.1695749
1.1116182
1.1661843
1.1994022
1.1745213
1.1558648
1.4080828
1.2494462
1.0757923
1.2595325
1.1781143
0.9457458
1.27124
1.0930145
1.143682
1.3141752
1.4017218
1.0105466
1.3140241
1.1782953
1.3003905
1.091655
1.4407252
1.212073
1.3421842
1.3160751
1.2415893
1.3864588
1.1598108
1.2621341
1.1272869
1.3053168
1.0139428
1.2014244
1.2853084
1.3577583
1.3171473
1.3317295
1.1163635
1.2120575
1.1170142
1.2352201
1.355361
1.3865203
1.2275728
1.2316
1.0826182
1.113244
1.284113
1.2237749
1.2993873
1.2242185
1.1896542
1.3886273
1.1130042
1.1538194
1.2254338
1.3777047
1.3314102
1.1769875
1.2775745
1.1227
1.2407999
1.3696593
1.3529518
1.0554965
1.2869002
1.1322187
1.1789919
1.0591435
1.2883784
1.0990278
1.2180595
1.0965388
1.2754817
1.0350794
1.2163469
1.2813138
1.3541632
1.1478771
1.1061316
1.2162594
1.118614
1.2991061
1.2924098
1.010587
1.226349
1.0987263
1.387451
1.2848374
1.2678909
1.3382875
1.2951119
1.2463764
1.2045401
1.2545092
1.2149922
1.2317344
1.2072395
1.3986422
1.5393378
1.2372582
1.2197797
1.304894
1.3525048
1.3086174
1.1991327
1.2079715
1.3172609
1.2157389
1.2290761
1.2731042
1.1134427
1.4643818
1.2353474
1.146193
1.2722102
1.2757906
1.0783325
1.2918059
1.2457111
1.1995091
1.1247269
1.2207348
1.2617623
1.4374735
1.1703072
1.1804267
1.0445613
1.2116073
1.1302109
1.2301955
1.3283323
1.2040876
1.170041
1.1650338
1.3827617
1.2408545
1.3146882
1.1977193
1.2984862
1.2447845
1.4172196
1.2621589
1.0979118
1.0890809
1.0645442
1.2869444
1.2955496
1.1443267
1.2130381
1.2465978
1.2775286
1.1317834
1.2712392
1.2879333
1.2107227
1.2288283
1.0692207
1.1814643
1.1721787
1.2505474
1.1815656
1.1856673
1.2170247
1.223679
1.3220454
1.1314067
1.3329256
1.192831
1.1471994
1.2082183
1.1451062
1.1183902
1.2191098
1.3358266
1.2452164
1.2026681
1.2286278
1.2715454
1.1562798
1.19006
1.1580026
1.2349027
1.3757731
1.1891918
1.1226692
1.2643763
1.0944557
1.2139748
1.3612529
1.355042
1.0973651
1.0823725
1.2498399
1.5613105
1.2012826
1.0799203
1.1240193
1.0149511
1.1996994
1.1803595
1.0894052
1.1463063
1.2356896
1.1700841
1.2201291
1.0582415
1.3826518
1.2469901
1.1638392
1.2998455
1.3482252
1.1451589
1.3333741
1.1917233
1.1769874
1.2655331
1.2155931
1.2579057
1.1379639
1.183446
1.2503635
1.3074597
1.3808213
1.1530592
1.2456087
1.4286221
1.0319752
1.2504145
1.1608175
1.2371358
1.3222824
1.171573
1.2244349
1.1398214
1.0918969
1.2806146
1.1981611
1.187892
1.2280366
1.199383
1.3363907
1.306076
1.2465359
1.3031192
1.1714953
1.3462081
1.4576362
1.1966479
1.2592608
1.2994779
1.2355361
1.2207456
1.5123168
1.1147884
1.3284682
1.2857585
1.3246124
1.2385017
1.1652595
1.1848911
1.2442006
1.0631831
1.247018
1.2650279
1.1603986
1.2177945
1.3149363
1.15009
1.2470845
1.0961136
1.3242857
1.2468041
1.1334056
0.9795563
1.2702342
1.3314662
1.1266216
1.102533
1.2882628
1.0326638
1.2126428
1.1921625
1.1655793
1.2517672
1.1276301
1.3362972
1.251955
1.181289
1.4277346
1.1286975
1.2529347
1.1047049
1.1420643
1.2746779
1.1919763
1.1692641
1.255326
1.1854777
1.2527498
1.237724
1.4211836
1.2463961
1.3072731
1.1180938
1.0532308
1.2620834
1.1991925
1.1696138
1.0757586
1.1643124
1.2064317
1.1772106
1.1084167
1.185567
1.3645915
1.0977625
1.3088473
1.1417297
1.3289071
1.026203
1.1555406
1.1376
1.2605841
1.0937634
1.1207356
1.3334144
1.038938
1.0913056
1.1907587
1.2312999
1.0157641
1.4362441
1.2159349
1.2847608
1.2421683
1.1547543
1.2767221
1.3415197
1.3370178
1.0379957
1.3668362
1.1471374
1.111803
1.2011614
1.1860752
1.3667383
1.4510887
1.3648828
1.3701575
1.3531508
1.2508869
1.2054797
1.2347319
1.1754725
1.4680138
1.1062137
1.3204317
1.1483463
1.1905922
1.1482611
1.1236979
1.1426553
1.0588961
1.1415143
1.3030996
1.2626187
1.2355918
1.167396
1.019562
1.0310593
1.2154803
1.4587792
1.1701818
1.5058141
1.2521014
1.2565352
1.210198
1.3179247
1.3679259
1.3894199
1.1477865
1.2635565
1.3004255
1.0134909
1.1256158
1.1249228
1.2564768
1.309274
1.0854691
1.2842486
1.2743955
1.3965627
1.298711
1.0810479
1.0238676
1.0949901
1.3962883
1.2410406
1.2724702
1.1150655
1.2922465
1.1106491
1.0537051
1.1763839
1.2141839
1.2252444
1.1387239
1.1951628
1.2322378
1.3573172
1.2078029
1.2729594
1.3040491
1.2256302
1.2249674
1.150742
1.1300144
1.2062945
1.3060395
1.1837668
1.3467513
1.1461759
1.2425045
1.5549328
1.2328074
1.5380822
1.2216657
1.1850059
1.283235
1.2092657
1.2569561
1.1158471
1.3204206
1.0729975
1.2607036
1.1630951
1.1832616
1.3514755
1.1753411
1.3957423
1.1419944
1.2842708
1.1861441
1.173323
1.1950655
0.98768944
1.2517358
1.4138819
1.1657507
1.1754073
1.191821
0.9510958
1.416339
1.247851
1.2358466
1.1473628
1.2320454
1.1809232
1.2338164
1.4020793
1.292573
0.99305874
1.1323811
1.3504585
1.2504871
1.3218975
1.2042269
1.2746341
1.3667614
1.18069
1.0316536
1.3686002
1.2801493
1.212148
1.1979055
1.0499896
1.1759297
1.1971121
1.5268664
1.407204
1.2821978
1.1617118
1.2242446
1.1398144
1.1052791
1.0507549
1.1999549
1.0859945
1.2357517
1.2047455
1.2863996
1.1526861
1.180478
1.2737595
1.2724067
1.1161951
1.2559398
1.4409823
1.3181393
1.1938432
1.1785016
1.1577933
1.3291626
1.1250275
1.2435577
1.107983
1.066331
1.2094313
1.3029511
1.2315706
1.048463
1.3360072
1.2248391
1.1584711
1.1524482
1.0971053
1.3869448
1.329408
1.3303058
1.316324
1.2024536
1.1268144
1.2528857
1.0244328
1.3025624
1.246801
1.3558775
1.0598408
1.2634081
1.1905388
1.0412818
1.2915342
1.1559584
1.197917
1.4376712
1.2337736
1.0750241
1.1084208
0.96482253
1.1571147
1.3352758
1.1808653
1.2630674
1.1448752
1.143587
1.3246381
1.23134
1.2820495
1.2576182
1.0983129
1.1653562
1.079376
1.1106352
1.2404747
1.160345
1.2520102
1.17103
1.023557
1.0197558
1.1563199
1.3870169
1.3035957
1.1534667
1.3065509
1.3225293
1.1596172
1.1317981
1.2471368
1.2698108
1.1175741
1.1148307
1.0716041
1.0681436
1.4154456
1.338987
1.1651748
1.3323041
1.1399258
1.2854257
1.0867035
1.1313971
1.091217
1.1133327
1.0744014
1.1477599
1.1295643
1.198802
1.3675995
1.1490418
1.3644054
1.1878773
1.2054847
1.2709798
1.4184623
1.2040466
1.2586943
1.1219434
1.4032365
1.3315402
1.2046434
1.2388656
1.3547859
1.158934
1.0960457
1.2520369
1.3013915
1.0890114
1.0712116
1.1956564
1.2361586
1.1598125
1.0712575
1.1923667
1.0853801
1.1219207
1.0398839
1.1385942
1.1579256
1.0382104
1.1531767
1.2250507
1.1888973
1.2422192
1.1117476
1.1365179
1.0831571
1.2081833
1.0631222
1.3343561
1.1914726
1.3157898
1.1458724
1.2703662
1.2243716
1.0869944
1.3193707
1.138226
1.186558
1.0995785
1.1041424
1.1972717
1.2705276
1.0932505
1.2707748
1.3016274
1.510124
1.3536829
1.3422097
1.2983284
1.222167
1.0435097
1.1677964
1.1921033
1.2952168
1.2255929
1.2006719
1.1454625
1.5094671
1.2016556
1.1473253
1.1338016
1.2589517
1.3077269
1.2652359
1.2317168
1.1352918
1.2518078
1.2240611
1.2544718
1.3500867
1.3759345
1.4808323
1.3128027
1.0328639
1.3801378
1.172632
1.2111398
1.1197449
1.3061614
1.1541783
1.4162705
1.2189447
1.1986305
1.1617377
1.399922
1.4295883
1.447875
1.2028079
1.3791091
1.3128631
1.163075
1.120619
1.2037096
1.1975076
1.182296
1.2347414
1.3623264
1.3526694
1.3419259
1.1413165
1.157859
1.1606896
1.2293372
1.2529861
1.2036914
1.2408009
1.1603613
1.0176324
1.0781676
1.1877772
1.1558331
1.3273445
1.0073156
1.1974539
1.3372184
1.0453209
1.2318481
1.2447588
1.1646276
1.1618743
1.2522461
1.2422769
0.9775894
1.2337974
1.0859046
1.1792564
1.2533275
1.1274846
1.3436154
1.285404
1.1969914
1.0241132
1.263116
1.1250206
1.1993842
1.1342956
1.2381095
1.2437851
1.2099751
1.2384251
1.0907584
1.2326331
1.1304367
1.3782353
0.9905489
1.3173767
1.1870927
1.2137595
1.0893943
1.139679
1.0826533
1.0179075
1.3032442
0.9907525
1.0558422
1.2114266
1.3740284
1.242141
1.3010422
1.1417704
1.2163341
1.0436615
1.1796848
1.291746
1.2571911
1.1867743
1.233693
0.99993384
1.4076419
1.3625089
1.2382168
1.1103784
1.0916628
1.330973
1.2360532
1.2650096
1.1615536
0.9949074
1.4359903
1.0291605
1.171463
1.3090758
1.2537442
1.1117272
1.3224165
1.1616483
1.188354
1.2927825
1.363215
1.0727217
1.185674
1.293951
1.1865816
1.1019745
1.2920465
1.3132725
1.1627055
0.9746023
1.0126116
1.1238927
1.0689702
1.2710252
1.2189713
1.2554859
1.3141557
1.1832389
1.0756425
1.1908486
1.1923978
1.207551
1.2899355
1.345852
1.2411741
1.2028737
1.1570507
1.0401593
1.2111219
1.1378418
1.0460721
1.1445659
1.2390875
1.2728916
1.3081536
1.3743132
1.120241
1.1963247
1.1436036
1.1762841
1.2946345
1.2548271
1.166912
1.2519497
1.2771798
1.2186512
1.3857324
1.3352697
1.2346663
1.5423764
1.3911849
1.3988385
1.336
1.1984851
1.055328
1.2342774
1.4999791
1.160831
1.3218169
1.3236282
1.1764656
1.2647728
1.122245
1.199782
1.2605968
1.2265413
1.4832569
1.1091725
1.3304639
1.0391316
1.3129529
1.2213063
1.2235715
1.0638167
1.2317946
1.1968693
1.0948685
1.1687003
1.2140548
1.1107687
1.1149032
1.2705946
1.1519611
1.1275103
1.2732471
1.2424501
1.2323774
1.2828006
1.3216227
1.0712494
1.3135577
1.091826
1.2068733
1.3551565
1.2319968
1.3366021
1.2968966
1.2207744
1.2491714
1.0267824
1.0147686
1.1135701
1.2729578
1.1364902
1.409992
1.3207209
1.1742011
1.4388621
1.1001805
1.4492985
1.0162978
1.1004161
1.2910237
1.2708075
1.0542613
1.1839976
1.3619916
1.402228
1.2407923
1.0878869
1.1540436
1.3351884
1.1917807
1.3975526
1.2050442
1.2345797
1.162776
1.2408016
1.1719224
1.3570987
1.1695291
1.2581944
1.2354535
1.0083787
1.2079577
1.2421342
1.3234279
1.2424936
1.1530217
1.1195213
1.1292479
1.0183967
1.3101634
1.2875586
1.3866099
1.2367823
1.2233882
1.1623889
1.4077641
1.3516016
1.0702345
1.1515752
1.4062585
1.3207377
1.3446242
1.0608064
1.1612368
1.2502488
1.4463538
1.322957
1.1330794
1.1147872
1.2959528
1.4636872
1.257933
1.3309331
1.2614235
1.2767528
1.2398622
1.1773496
1.2781637
1.1099868
0.9834766
1.4153379
1.3802606
1.2972486
1.20201
1.2511935
1.3678818
1.4248354
1.0710486
1.1728776
1.219076
1.3605584
1.0686594
1.2451409
1.0902892
1.486202
1.281786
1.2869579
1.066904
1.2481209
1.2676024
1.1253409
1.1133795
1.2061023
1.2170948
1.2637988
1.2473513
1.2267909
1.205244
1.1655467
1.2169904
1.0871772
1.235292
1.2750815
1.1115624
1.3550206
1.2962806
1.1877172
1.2667736
1.4192202
1.2335393
1.2097901
1.1349227
1.2235858
1.1303442
1.17416
1.2817864
1.4059427
1.2002096
1.0003338
1.1919054
1.1783907
1.37774
1.4389608
1.1813252
1.0968641
1.190821
1.2394707
1.3145145
1.4227561
1.402906
1.2367814
1.1729028
1.2677058
1.2215637
1.0780948
1.1627405
0.9783264
1.4231147
1.1852366
1.0732684
1.1788723
1.2308488
1.0390673
1.2948271
1.1947609
1.1801331
1.2808322
1.3292727
1.1963534
1.1034237
1.062369
1.2139715
1.2169472
1.3055359
1.3945351
1.2029148
1.1005676
1.2686086
1.3050063
1.1917651
1.1951303
1.1976149
1.1973411
1.2691664
1.3656865
1.1126887
1.2632604
1.1809819
1.3723918
1.3034905
1.3940122
1.1700107
1.3682252
0.9734133
1.3150667
1.2835072
1.120546
1.0455211
1.3684492
1.214723
1.3404919
1.0518384
1.2339741
1.129447
1.1908617
1.3947403
1.3335469
1.2287215
1.2244664
1.3544453
1.1207683
1.1509331
1.2103257
1.2789606
1.2070955
1.2505827
1.2564856
1.168679
1.2360845
1.2012309
1.4391862
1.2423131
1.2450235
1.1940968
1.1518323
1.0824844
1.3346187
0.9222034
1.2289028
1.3515444
1.1658705
0.96674836
1.2223967
1.15366
1.3026372
1.1605686
1.1117597
1.341482
1.2518344
1.4190084
1.1523131
1.3473407
1.1976264
1.278538
1.2379794
1.2420759
1.3053236
1.4545562
1.276356
1.3727643
1.0956657
1.1677654
1.2723048
1.118059
1.4142101
1.3431946
1.1284331
1.3104514
1.3240384
1.1976639
1.0977354
1.3668958
1.1350851
1.3284403
1.324027
1.1162157
1.235358
1.1481825
1.1475952
1.1038878
1.1242182
1.3021641
1.318011
1.0958457
1.3147553
1.3124474
1.0587068
1.0959249
1.1883818
1.2897215
1.1713831
1.2596809
1.1628956
1.147447
1.0662969
1.2188118
1.2792492
1.1598494
1.147019
1.2872814
1.1284178
1.2158431
1.1288576
1.1740767
1.1176761
1.1494887
1.3673966
1.2923445
1.0674781
1.2574897
1.3223153
1.2304517
1.0229099
1.2434021
1.1519741
1.0647746
1.11213
1.3299036
1.1928333
1.4365512
1.2546424
1.350346
1.0189148
1.0837643
1.2524389
1.1660538
1.2612824
1.3072006
1.0960704
1.3129691
1.2007301
1.0718222
1.2066036
1.3554221
1.0750487
1.0954378
1.3270174
1.0656711
1.2257029
1.124365
1.1850289
1.2078735
1.2048916
1.3722538
1.4030797
1.5480907
1.1333172
1.2751513
1.2523763
1.0348436
1.1567327
1.2145766
1.3227284
1.2624693
1.2323465
1.1945232
1.1382104
1.2383437
1.3895437
1.3428359
1.084443
1.2602186
1.2708241
1.1201303
1.2779417
0.9460887
1.2542754
1.2495904
1.3930202
1.0419573
1.1919855
1.0811621
1.0795159
1.1882403
1.1468514
1.1218101
1.4724041
1.1239493
1.2045538
1.1918012
1.2527052
1.2780646
1.206409
1.296238
1.1878898
1.1544763
1.046253
1.0734235
1.5356708
1.2719915
1.4108667
1.2273066
1.0834599
1.3576292
1.3050025
1.2473929
1.0857925
1.2937847
1.2036879
1.0846615
1.3572637
1.1869804
1.1450906
1.088785
1.1745782
1.2074704
1.0851665
1.3510041
1.2487893
1.4010568
1.2315861
1.3424076
1.0746351
1.302912
1.1770633
1.1390613
1.2799577
1.2690923
1.3055773
1.1514152
1.2272161
1.3276501
1.3516437
1.3622702
1.1027347
1.2962269
1.2348007
1.2865461
1.2920421
1.1853334
1.0842457
1.2974157
1.3052913
1.0775231
1.125067
1.1608584
1.3273025
1.2684162
1.1776366
1.1815584
1.1554803
1.2467668
1.1696347
1.253423
1.1362568
1.3912306
1.2308325
1.1004345
1.1334345
1.3229066
1.0982566
1.2217418
1.4405196
1.1058927
1.1205562
1.361263
1.2578671
1.1124741
1.435441
1.1866128
1.2803874
1.1104789
1.3404953
1.1784941
1.4846594
1.2641366
1.4316449
1.2480642
1.333216
1.114657
1.1654347
1.183003
1.2396909
1.245431
1.0776219
1.1917111
1.1846453
1.2604158
1.1445305
1.1212533
1.0248392
1.2210639
1.1563381
1.0493395
1.4365804
1.2056876
1.5431981
1.2658293
1.239107
1.492716
1.3666432
1.1712642
1.1686933
1.1440468
1.1813577
1.1521031
1.1524523
1.1519558
1.2545681
1.1613735
1.1752951
1.2484298
1.2991039
1.4530956
1.231923
0.99247557
1.2071962
1.2744031
1.2121562
1.0314136
1.1215192
1.1401561
1.2005888
0.9762151
1.1943457
1.3456949
1.2544686
1.315821
1.1750975
1.1782609
1.2235918
1.2394037
1.1967261
1.2490851
1.3930196
1.2022026
1.1379019
1.2910303
1.1271418
1.1789464
1.1011957
1.0866717
1.1957854
1.1693848
1.122376
1.3625982
1.1710892
1.2122412
1.4124979
1.1987131
1.0510662
1.1641582
1.3384031
1.103371
1.17468
1.2739732
1.1591991
1.2685719
1.2656336
1.3686956
1.1465272
1.2289556
1.2309037
1.2342597
1.3147702
1.1705544
1.2319041
1.1809046
1.3685151
1.1483607
1.3721621
1.0308366
1.3773763
1.2574795
1.0773877
1.292545
1.234862
1.0467675
1.1561319
1.1387113
1.3595136
1.2593886
1.1826931
1.3410207
1.2082623
1.3976263
1.2210913
1.3656658
1.1319838
1.2054055
1.232053
1.3403623
1.2082537
1.1432992
1.1898503
1.0353636
1.3222396
1.2062373
1.2146244
1.3837912
1.2937765
1.18776
1.0778841
0.9481972
1.0981051
1.2421463
1.4272459
1.0850174
1.1094037
1.2804956
1.3004917
1.278125
1.2066963
1.1639022
1.2513032
1.072301
1.293073
1.1189232
1.172469
1.3306947
1.2331744
1.199405
1.2093773
1.1721466
1.3742713
1.2046595
1.2228647
1.193569
1.3671576
1.2017258
1.4056706
1.3610684
1.3559766
1.1788373
1.3454756
1.0310546
1.2082161
1.2348118
1.2295012
1.2346338
1.4163016
1.1234224
1.157141
1.1667743
1.095575
1.1809438
1.1967019
1.4606502
1.2780176
1.1648117
1.3260837
1.1221166
1.293898
1.3088605
1.1241859
1.2022898
1.2851714
1.1745121
1.2186297
1.2459836
1.1269608
1.4300671
1.3155591
1.2261028
1.2094893
1.1543541
1.204282
1.2681751
1.1609191
1.3264811
1.3402027
1.2678819
1.2162993
1.2914976
1.1534058
1.1386219
1.3275881
1.3185188
1.1857191
1.2506076
1.2984185
1.2538849
0.9589216
1.0964613
1.2461236
1.2050946
1.3584168
1.2284547
1.157309
1.2743311
1.2447163
1.3105067
1.3341533
1.251884
1.2463964
1.1741709
1.145359
1.1900173
1.2760538
1.0295714
1.1527414
1.2491012
1.1761183
1.117868
1.3131325
1.147672
1.0649843
1.2456162
1.300368
1.4702477
1.3383261
1.3019464
1.190909
1.228211
1.1517303
1.2135047
1.1542462
1.3268378
1.11779
1.2703378
1.294242
1.1418405
1.2433721
1.2745951
1.0866644
1.2147186
1.3495212
1.2747686
1.1604223
1.2100122
1.3631965
1.0282192
1.2432352
1.2275555
1.1933333
1.1477073
1.2455606
1.1811731
1.2104368
1.1332505
1.1998925
1.1958896
1.2599667
1.3195797
1.2263453
1.212692
1.135348
1.2752038
1.202637
1.2364671
1.3138597
1.4776505
1.3237596
1.2721612
0.9992896
1.4655619
1.1978475
1.1314143
1.2061127
1.2165195
1.3873698
1.2449037
1.2004657
1.3667265
1.1471106
1.0455215
1.272013
1.3084421
1.1945153
1.3388338
1.4162347
1.1734006
1.1602657
1.174418
1.211637
1.3112122
1.2346082
1.2377831
1.2642236
1.260044
1.2332265
1.2210596
1.0461509
1.1829627
1.1833028
1.22639
1.2054323
1.1392037
1.1493299
1.2610949
1.2150623
1.4285219
1.1859431
1.1734635
1.1676039
1.242775
1.2933688
1.0440667
1.4929416
1.1250203
1.0482318
1.0200062
1.3577404
1.3337079
1.3947757
1.1897466
1.194402
1.2877523
1.1515436
1.2471803
1.2503226
1.3405235
1.175201
1.0889046
1.3552741
1.4067087
1.3196121
1.4128302
1.1087797
1.2274567
1.2933882
1.2598808
1.4721209
1.3134502
1.4742965
1.1504419
1.1513408
1.1888096
1.1428659
1.0472313
1.3630728
1.2023056
1.3127351
1.3731874
1.2749361
1.1064819
1.3152331
1.245956
1.4118431
1.4158323
1.2435257
1.3128645
1.3088548
1.4116743
1.2947365
1.0449591
1.3433963
1.3034512
1.379867
1.036746
1.1556152
1.3010968
1.3467873
1.353712
1.0778327
1.2675906
1.3473492
1.1977103
0.9670047
1.0823323
1.0439845
1.1291546
1.2065313
1.0305077
1.2104053
1.0834109
1.2555704
1.3593187
1.3256041
1.0956345
1.170979
1.180983
1.131911
1.3013296
1.2243361
1.1032722
1.2584445
1.082353
1.2575598
1.2844403
1.0667229
1.1429527
1.2168195
1.150229
1.2473255
1.1607242
1.1735744
1.1316981
1.0904837
1.1644548
1.0955853
1.2588457
1.2474843
1.0300734
1.343388
1.1290947
1.1038853
1.367717
1.2364243
1.2778679
1.1667187
1.2211589
1.3232102
1.1952296
1.2053646
1.3143893
1.2240657
1.2813078
1.3970171
1.1452303
1.2627699
1.2049
1.0335495
1.0281155
1.178289
1.1818578
1.2509243
1.2597944
1.2244653
1.0507894
1.2622695
1.1882788
1.1702167
1.0908688
1.1516303
1.0555125
1.3422408
1.1039178
1.2369417
1.1727188
1.4024787
1.1765906
1.3100833
1.2606256
1.2088023
1.3805552
1.0277445
1.1211534
1.2307183
1.3656234
1.0528461
1.3494679
1.3079797
1.1786432
1.349112
1.2459607
1.2990998
1.3890765
1.2394143
1.2031201
1.1731925
1.3366989
1.2748927
1.2713821
1.2962205
1.3357301
1.2167714
1.3333938
1.1431426
1.2634403
1.0979638
1.4093183
1.0880407
1.2008384
1.2751113
1.1043134
1.2817372
1.2027687
1.2931433
1.1099938
1.0063732
1.139927
1.0819756
1.1772943
1.1827892
1.454706
1.3227774
1.2372249
1.2796551
1.1356263
1.2977052
1.1925634
1.1764364
1.1193845
1.3437997
1.21353
1.4216737
1.3433665
1.1753597
1.248724
1.3242013
1.3701956
1.3670765
1.3249274
1.3002908
1.2867943
1.1987867
1.1629484
1.2951175
1.069158
1.2484258
1.0221967
1.1836829
1.2105101
1.3802997
1.129812
1.0872482
1.2911267
1.0594138
1.3275954
1.303628
1.310812
1.2617058
1.3299495
1.2404338
1.1977893
1.3089099
1.2385383
1.2016038
1.3650502
1.1177841
1.2901047
1.102137
1.1725502
1.4455854
1.4251952
1.2316113
1.0305704
1.2423486
1.1477041
1.1475825
1.1924299
1.1877048
1.11599
1.3407694
1.0666059
1.074075
1.0430442
1.3489642
1.443171
1.2857356
1.2847508
1.2408918
1.0761443
1.1215999
1.4409277
1.2267714
1.3046707
1.3239533
1.2604184
1.0143565
1.2516689
1.211539
1.2386656
1.2413114
1.2954054
1.1830677
1.2568439
1.3233756
1.2097932
0.95459485
1.3303936
1.2988892
1.2208583
1.3446363
1.1127734
1.1205564
1.370031
1.2813311
1.3434386
1.3004074
1.2369314
1.3138026
1.2489083
1.3987373
1.2210373
1.102948
1.4188942
1.4373906
1.3986886
1.2156649
1.1592499
1.0918301
1.1343766
1.2104448
1.1566966
1.065031
1.133229
1.1918412
1.2940816
1.3197353
1.0132306
1.1955408
1.1328133
1.2694684
1.351935
1.1880215
1.1735744
1.3465608
1.1409658
1.1562198
1.4208903
1.1505593
1.1916736
1.229522
1.3383434
1.1062311
1.1845709
1.042976
1.3052996
1.2417781
1.1810875
1.2605852
1.280114
1.2654033
1.1296773
1.1712525
1.1892542
1.1694478
1.3151428
1.1806858
1.3889887
1.4517792
1.3311371
1.3907073
1.1569964
1.2035965
1.1657425
1.2409252
1.272712
1.0644512
1.18367
1.2384018
1.1697896
1.0071565
1.1405555
1.2222602
1.1719229
1.5129691
1.0832018
1.1161579
1.2859739
0.9963785
1.0644717
1.1347697
1.0051905
1.2471311
1.2498075
1.2724379
1.350987
1.0674584
1.3366657
1.3350874
1.116771
1.0708978
1.2315383
1.1953555
1.1992488
1.3621892
1.4030597
1.1382813
1.158208
1.2508137
1.1835316
1.3271922
1.1842291
1.1861324
1.0216509
1.0916365
1.2427276
1.2384498
1.2365901
1.2607205
1.2938025
1.2881182
1.4868327
1.3346723
1.2786813
1.1427724
1.3133566
1.3451248
1.2488835
1.1569523
1.0819868
1.1526078
1.2514457
1.3692639
1.246295
1.2829251
1.1818782
1.276677
1.2061036
1.033887
1.0565414
1.3947977
1.3389655
1.3150764
1.2848917
1.1336311
1.0816396
0.98735654
1.1969424
1.2005702
1.142448
1.1840552
1.2125936
1.1284885
1.1790215
1.2003901
1.2936546
1.0284896
1.2668618
1.2999511
1.4398524
1.437316
1.1942961
1.1946505
1.2962753
1.2668341
1.1506852
1.2379551
1.2376337
1.2355899
1.3054061
1.0942652
1.1642352
1.3248913
1.3604048
1.2026693
1.3146499
1.1395621
1.4215839
1.2753129
1.2181118
1.1718365
1.2597902
1.2172168
1.114387
1.1734444
1.0429959
1.2913058
1.1943772
1.267605
1.3592647
1.3145063
1.3282663
1.1382555
1.3539913
1.2105534
0.99899113
1.2406365
1.1441079
1.133256
1.3534532
1.1324188
1.2897589
1.0651397
1.0406057
1.0014776
1.0445337
1.1145328
1.1254845
1.1367134
1.0902787
1.1432904
1.158199
1.1327344
1.2662581
1.0135107
1.2460946
1.1034974
1.1997548
1.3306284
1.3328491
1.2180506
1.2828184
1.0331801
1.2868088
1.1243833
1.262923
1.2164296
1.055618
1.3214481
1.36178
1.0622689
1.2630134
1.2847896
1.3627837
1.2708724
1.2154979
1.1625227
1.201559
1.1303935
1.2810233
1.1509216
1.1170514
1.1332488
1.2059171
1.2208066
1.2843153
1.2679895
1.4098525
1.1055173
1.0770632
1.1830641
1.2296954
1.290861
1.1703111
1.1733674
1.2037021
1.2529773
1.32251
1.3461478
1.2467183
1.0915715
1.3045393
1.1270605
1.0966811
1.1559042
1.2232381
1.2088722
1.251885
1.2280462
1.3318491
1.2538704
1.2274948
1.2021911
1.244301
1.2468678
1.3508244
1.1847779
1.087772
1.3140148
1.1338409
1.0763977
1.1366752
1.3720943
1.0960196
1.3134409
1.278132
1.0309787
1.1210436
1.1107244
1.0509698
1.1396135
1.329583
1.0886402
1.0610297
1.3500271
1.3114445
1.2103133
1.2474184
1.4449741
1.2141851
1.2248322
1.0288635
1.2935976
1.3670163
1.2330272
1.3622351
1.1889203
1.1534575
1.1994841
1.2147217
1.0665002
1.1535022
1.2791946
1.3713446
1.2484852
1.1432995
1.2261032
1.0319623
0.93104684
1.0564724
1.2404432
1.0506439
1.3076088
1.1846503
1.1774299
1.4404263
1.147103
1.0713965
1.1450872
0.9798288
1.2784002
1.2520411
1.1831964
1.1564147
1.2002662
1.3524601
1.3010595
1.3236293
1.2594261
0.98287416
1.3353199
1.2242658
1.0993034
1.0752733
1.3467549
1.2638601
1.1048336
1.3071786
1.2331376
1.188413
1.2477766
1.1822578
1.4358253
1.2104732
1.3250667
1.1477894
1.3362348
1.3475103
1.23774
1.3519573
1.149205
1.2954019
1.1747354
1.1455823
1.2082803
1.2859921
1.1203824
1.2402927
1.227226
1.2836635
1.3147188
1.2744931
1.4018877
1.2910638
1.1207954
1.355261
1.0782046
1.2248012
1.223746
1.2684262
1.1711446
1.2045645
1.2169586
1.080794
1.2253315
1.1480192
1.1864679
1.3967841
1.2741221
1.2551265
1.1964545
1.3100289
1.3110718
1.1724241
1.1014355
1.2222795
1.1480168
1.2488381
1.1704146
1.2792478
1.1265768
1.17366
1.275954
1.4518486
1.2221577
1.1900184
1.3412502
1.2410733
1.0911013
1.3365866
1.0834807
1.3938972
1.1037327
1.2308904
1.5409511
1.1666594
1.3315401
1.3001049
0.97057754
1.0793098
1.1606039
1.1115664
1.0297703
1.2751412
1.2015709
1.1339444
1.26998
1.2767204
1.3031472
1.2691807
1.2451339
1.161709
1.4930707
1.042235
1.3129787
1.2116214
1.362355
1.0582911
1.4163454
1.3086319
1.0561339
1.1231365
1.3919121
1.1318716
1.4160439
1.310028
1.308488
1.1670598
1.1243465
1.1675738
1.3303372
1.4539585
1.4200537
1.2442263
1.180138
1.2115397
1.209828
1.2151928
1.413014
1.2543386
1.1084744
1.2038993
1.1724366
1.2085136
1.2122155
1.4341667
1.3350861
1.3238367
1.301782
1.198824
1.1414866
1.1461966
1.3278989
1.184399
1.3091097
1.046764
1.352591
1.4888582
1.2522463
1.1634356
1.2079778
1.3868097
1.2426778
1.1876227
1.3825225
1.4231524
1.2200271
1.3961138
1.1356275
1.2060134
1.19976
1.2020507
1.2076714
1.1442467
1.1656129
1.4219749
1.1744453
1.1445075
1.3021412
1.332832
1.3174598
1.1853421
1.4434415
1.2604789
1.2507828
1.2296546
1.056572
1.235804
1.4164668
1.2611412
1.0907362
1.3313481
1.2296141
1.1578418
1.1682173
1.3518487
1.4770225
1.2979314
1.2370567
1.4290063
1.2679805
1.2170602
1.1401032
1.301688
1.4287487
1.19078
1.1347858
1.1759412
1.1753576
1.1379805
1.0876014
1.2136787
1.2293859
1.0873353
1.494202
1.4002389
1.320414
1.4036695
1.2547786
1.3476508
1.165041
1.1446519
1.5434183
1.2971872
1.402805
1.1445458
1.2793018
1.236856
1.2874074
1.3103344
1.3028584
1.4032805
1.1404148
1.2604825
1.1613119
1.2308552
1.3385074
1.1620544
1.4839165
1.2559396
1.1715174
1.1400355
1.1730334
1.315892
1.2932693
1.2475508
1.1991254
1.3220631
1.2629524
1.1137352
1.1005783
1.2143359
1.1687527
1.0864562
0.99724746
1.1305565
1.1461262
1.1580851
1.3376548
1.2596955
1.2537653
1.2563312
1.2240217
1.2056749
1.1790161
1.2384715
1.1667304
1.2517667
1.0948206
1.2052345
1.159098
1.3374153
1.072998
1.2996672
1.2299516
1.0746398
1.2097313
1.3936052
1.3024927
1.3134832
1.1781063
1.2894527
1.3539064
1.1305115
1.1431719
1.0893984
1.2751431
1.0804774
1.1927696
1.3397329
1.1849604
1.1288939
1.116964
1.3235178
1.2715129
1.2923664
1.176291
1.2588629
1.033695
1.245087
1.2730938
1.2226642
1.1796175
1.3977346
1.2372602
1.2853055
1.1171156
1.3569882
1.3232521
1.2438039
1.2743143
1.2396141
1.2055043
1.2586505
1.255872
1.1103791
1.4081784
1.3141074
1.3235445
1.2508619
1.2652539
1.2616516
1.212108
1.0670198
1.1557668
1.2375659
1.1026381
1.1901888
1.1992375
1.3320378
1.136222
1.2209626
1.2032461
1.251444
1.2681677
1.1105833
0.9930106
1.1954663
1.2018695
1.4000499
1.2008605
1.1528369
1.3156029
1.1300915
1.1905125
1.1246552
1.350318
1.1994972
1.2686895
1.1329641
1.3735538
1.1271198
1.4813044
1.1830797
1.1047397
1.285714
1.2828313
1.2154052
1.3189065
1.2063534
1.1506131
1.1589807
1.1887057
1.2551453
1.0691532
1.1777098
1.0959971
1.0925171
1.2954752
1.3347094
1.2443045
1.2513974
1.3455837
1.2184111
1.2829396
1.0274657
1.4540786
1.3010919
1.1607603
1.4084306
1.0871406
1.3314834
1.1138476
1.2843201
0.98497254
1.2776309
1.1474015
1.1111876
1.3802308
1.1299757
1.2801598
0.9969672
1.3424829
1.3078188
1.272532
1.2122713
1.3319111
1.3114904
1.3134384
1.0145111
1.2982577
1.2035136
1.3104664
1.2128103
1.4482733
1.3652294
1.2611573
1.2451135
1.1653821
1.284864
1.22942
1.094979
1.2338877
1.0580543
1.1525398
1.0414195
1.3082929
1.2886324
1.2696869
1.1998419
1.1489351
1.0352889
1.1439974
1.4172055
1.0380735
1.3137585
1.2652273
1.2668861
1.1180861
1.1501304
1.2397765
1.2638979
1.2521199
1.1349065
1.1713777
1.2822783
1.4728833
1.224021
1.2605288
1.1813321
1.2154835
1.3855958
1.2951885
1.2551204
1.2021358
1.1895103
1.2942169
1.4141091
1.116087
1.1999388
1.2581205
1.2412924
1.2639979
1.2872851
1.5089458
1.1562201
1.0633181
1.4064344
1.0648137
1.1029135
1.2034504
1.243097
1.2754472
1.0612291
1.3133157
1.179017
1.1812445
1.2729607
1.4015685
1.1602294
1.0755308
1.2076991
1.0912837
1.18708
1.3577375
1.3137667
1.2675654
1.2592783
1.2134181
1.1916504
1.0191244
1.2663653
1.2430179
1.2535411
1.2786545
1.1898402
1.3342128
1.3348145
1.2277093
1.4130329
1.123623
1.3492072
1.0710325
1.2341168
1.2768148
1.228143
1.1468819
1.1825602
1.2911332
1.3320727
1.3042526
1.2091898
1.2796211
1.1005855
1.4076546
1.2030132
1.2610807
1.4620999
1.163449
1.1859432
1.2991216
1.2752221
1.2642506
1.2856863
1.2676444
1.4411194
1.2688482
1.2030008
1.4174432
1.2809899
1.3419998
1.2788426
1.2665373
1.1397771
1.3398483
1.2441489
1.3449147
1.2508444
1.1378949
1.1707011
1.1812032
1.09345
1.1654009
1.401728
1.1642298
1.2032968
1.2590188
1.0321459
1.3500947
1.2182945
1.2727833
1.2342415
1.3398309
1.1987344
1.0717646
1.3991889
1.385886
1.1059237
1.1734471
1.3085747
1.0734318
